/*--------------------------------*- C++ -*----------------------------------*\
  =========                 |
  \\      /  F ield         | OpenFOAM: The Open Source CFD Toolbox
   \\    /   O peration     | Website:  https://openfoam.org
    \\  /    A nd           | Version:  12
     \\/     M anipulation  |
\*---------------------------------------------------------------------------*/
FoamFile
{
    format      ascii;
    class       cellZoneList;
    location    "constant/polyMesh";
    object      cellZones;
}
// * * * * * * * * * * * * * * * * * * * * * * * * * * * * * * * * * * * * * //

2
(
fluid
{
    type cellZone;
cellLabels      List<label> 
17598
(
0
1
8
9
13
14
15
16
17
18
20
21
22
23
25
26
27
29
30
32
33
35
36
38
39
40
43
45
46
53
55
56
57
58
60
61
62
63
64
66
67
68
69
70
72
73
75
77
79
84
86
87
88
89
90
91
92
93
94
95
96
97
98
99
100
101
102
103
104
105
106
107
108
109
110
111
112
113
114
115
116
117
118
119
120
121
122
123
124
125
126
127
128
129
130
131
132
133
134
135
140
141
145
157
163
170
178
181
185
192
193
194
195
196
197
198
200
202
203
204
205
210
211
212
213
215
216
218
220
221
222
227
228
229
230
231
232
234
235
237
239
240
241
243
245
246
247
249
252
255
256
257
258
262
265
269
270
273
282
290
293
294
295
296
301
304
305
306
307
309
311
314
315
318
320
321
322
323
325
326
327
329
330
332
333
334
335
336
337
340
345
347
350
354
357
358
359
362
363
364
365
366
367
369
371
372
374
376
377
378
381
382
383
384
385
386
387
388
389
390
391
392
398
399
413
421
423
429
435
436
443
444
445
449
452
453
454
455
456
458
464
465
466
468
471
472
473
474
475
476
477
479
481
487
488
491
492
495
496
497
499
504
506
507
508
510
513
515
516
517
519
520
521
523
524
525
527
528
530
531
532
533
534
537
538
540
542
543
545
546
547
548
549
551
552
553
554
555
556
558
560
561
563
565
566
567
569
570
571
572
573
574
575
576
577
579
580
582
584
585
586
598
599
602
603
610
627
634
642
643
644
645
646
647
648
649
650
651
652
653
654
655
656
657
658
659
660
661
662
663
664
665
666
667
668
669
670
671
672
673
674
675
676
677
678
679
680
681
682
683
684
685
686
687
689
694
695
698
699
700
704
707
708
710
711
714
719
722
723
724
725
729
730
732
733
734
737
738
739
743
744
747
748
750
754
756
757
764
768
771
772
779
786
787
791
792
793
796
797
802
803
804
805
806
807
808
813
814
819
822
827
828
829
830
831
832
837
850
862
864
866
867
868
869
870
877
878
879
881
884
885
887
888
890
891
892
893
894
908
913
914
915
916
917
918
919
920
921
922
923
924
925
927
928
929
930
931
932
935
941
949
951
952
953
954
955
956
957
958
959
960
962
963
964
969
974
977
978
979
980
991
993
996
998
1000
1002
1007
1008
1010
1016
1017
1018
1019
1020
1021
1022
1023
1024
1025
1026
1027
1028
1029
1030
1031
1032
1033
1035
1036
1037
1038
1039
1040
1041
1042
1045
1046
1047
1048
1051
1052
1053
1054
1055
1056
1058
1060
1062
1063
1064
1065
1066
1067
1068
1069
1070
1071
1072
1073
1074
1075
1078
1079
1080
1081
1082
1083
1084
1086
1087
1088
1089
1090
1091
1092
1093
1094
1095
1096
1097
1098
1099
1100
1101
1102
1103
1105
1106
1107
1108
1109
1110
1111
1112
1113
1114
1115
1116
1117
1118
1119
1120
1122
1123
1124
1125
1126
1127
1128
1129
1130
1131
1132
1133
1134
1135
1137
1138
1149
1150
1152
1153
1154
1155
1163
1172
1174
1175
1178
1180
1182
1184
1197
1198
1199
1200
1201
1202
1203
1204
1205
1206
1207
1208
1209
1210
1211
1212
1213
1214
1215
1216
1217
1218
1219
1220
1221
1222
1223
1224
1225
1226
1227
1228
1229
1230
1231
1232
1233
1234
1235
1236
1237
1238
1239
1240
1241
1242
1243
1244
1245
1246
1247
1248
1249
1250
1251
1252
1253
1254
1255
1256
1257
1258
1259
1260
1261
1262
1263
1264
1265
1266
1267
1268
1269
1270
1271
1272
1273
1274
1275
1276
1277
1278
1279
1280
1281
1282
1283
1284
1285
1286
1287
1288
1289
1290
1291
1292
1293
1294
1295
1296
1297
1298
1299
1300
1301
1302
1303
1304
1305
1306
1307
1308
1309
1310
1311
1312
1313
1314
1315
1316
1317
1318
1319
1320
1321
1322
1323
1324
1325
1326
1327
1328
1329
1330
1331
1332
1333
1334
1335
1337
1339
1343
1344
1347
1350
1351
1354
1361
1363
1376
1378
1384
1385
1388
1389
1390
1391
1392
1393
1394
1395
1396
1400
1401
1402
1406
1407
1409
1418
1420
1422
1423
1424
1426
1428
1430
1439
1440
1443
1445
1446
1447
1448
1454
1455
1457
1458
1461
1463
1464
1466
1467
1468
1472
1473
1476
1477
1478
1479
1480
1481
1482
1483
1484
1485
1486
1492
1495
1496
1497
1499
1503
1506
1513
1515
1526
1529
1530
1532
1533
1535
1539
1540
1542
1543
1544
1545
1546
1547
1548
1549
1553
1555
1558
1565
1568
1584
1586
1588
1589
1591
1593
1594
1595
1599
1602
1603
1606
1607
1608
1609
1610
1612
1613
1614
1615
1616
1618
1619
1620
1624
1625
1626
1627
1628
1629
1630
1631
1632
1633
1642
1643
1645
1649
1650
1652
1654
1655
1657
1668
1670
1672
1673
1674
1675
1678
1681
1682
1688
1689
1690
1691
1692
1693
1694
1695
1696
1697
1698
1699
1700
1702
1704
1706
1716
1734
1736
1738
1740
1742
1750
1751
1752
1753
1754
1755
1756
1757
1758
1759
1760
1761
1762
1763
1764
1765
1766
1767
1768
1777
1779
1782
1786
1787
1788
1789
1790
1791
1792
1793
1794
1795
1796
1797
1798
1801
1802
1807
1808
1809
1811
1812
1813
1814
1815
1816
1817
1818
1819
1820
1826
1828
1839
1840
1841
1842
1845
1846
1847
1848
1849
1850
1851
1852
1853
1854
1855
1856
1857
1859
1862
1863
1865
1866
1867
1868
1869
1870
1871
1872
1873
1874
1875
1882
1883
1884
1885
1886
1887
1888
1889
1890
1892
1893
1894
1895
1896
1897
1899
1905
1907
1909
1912
1917
1918
1919
1920
1921
1922
1923
1924
1925
1926
1927
1928
1930
1931
1932
1933
1938
1939
1940
1941
1943
1944
1945
1946
1947
1948
1949
1950
1951
1953
1963
1967
1972
1973
1974
1975
1977
1978
1979
1980
1981
1982
1983
1984
1985
1986
1987
1988
1989
1991
1995
1996
1997
1998
1999
2000
2001
2002
2003
2006
2009
2010
2011
2012
2013
2015
2016
2017
2018
2027
2029
2030
2032
2037
2038
2039
2040
2041
2042
2043
2044
2045
2046
2047
2049
2051
2052
2053
2054
2055
2060
2061
2062
2063
2065
2066
2067
2068
2069
2070
2071
2072
2073
2074
2075
2076
2077
2079
2083
2097
2098
2099
2100
2103
2104
2105
2106
2107
2108
2109
2110
2111
2112
2113
2115
2119
2120
2121
2122
2123
2124
2125
2126
2127
2128
2130
2134
2136
2140
2141
2152
2153
2154
2155
2166
2167
2178
2179
2180
2181
2193
2197
2199
2220
2221
2231
2232
2236
2239
2242
2243
2248
2253
2255
2257
2258
2260
2263
2269
2270
2273
2274
2286
2291
2292
2294
2295
2297
2298
2300
2301
2306
2307
2309
2310
2313
2320
2321
2322
2324
2325
2330
2331
2332
2333
2342
2343
2344
2345
2350
2351
2352
2353
2362
2363
2364
2365
2366
2367
2368
2371
2372
2373
2374
2375
2376
2377
2378
2379
2380
2381
2382
2384
2385
2387
2388
2389
2393
2396
2398
2399
2400
2401
2403
2404
2405
2408
2414
2415
2417
2418
2420
2423
2425
2428
2429
2433
2434
2435
2436
2438
2439
2440
2441
2447
2449
2452
2454
2455
2457
2458
2460
2461
2462
2463
2465
2466
2468
2469
2470
2471
2472
2473
2474
2475
2476
2482
2483
2488
2494
2495
2499
2500
2503
2510
2512
2514
2515
2517
2520
2526
2527
2537
2544
2545
2546
2548
2550
2551
2552
2554
2564
2569
2570
2572
2580
2581
2582
2584
2585
2588
2595
2596
2605
2606
2607
2608
2617
2618
2627
2628
2629
2630
2639
2642
2643
2644
2645
2648
2652
2654
2656
2659
2665
2666
2667
2668
2679
2680
2681
2682
2688
2689
2690
2691
2702
2703
2704
2705
2710
2713
2726
2727
2728
2729
2730
2731
2732
2733
2734
2735
2736
2737
2738
2739
2740
2741
2742
2745
2746
2762
2769
2771
2773
2774
2775
2776
2784
2785
2786
2787
2788
2790
2792
2793
2794
2795
2796
2797
2798
2799
2800
2802
2804
2806
2808
2811
2814
2818
2822
2824
2825
2826
2827
2833
2834
2835
2836
2838
2840
2841
2845
2847
2848
2850
2851
2859
2870
2873
2876
2877
2878
2895
2903
2905
2908
2913
2915
2916
2920
2921
2922
2923
2927
2929
2930
2932
2933
2934
2935
2936
2937
2938
2939
2940
2941
2942
2943
2944
2947
2948
2949
2950
2952
2964
2965
2967
2970
2972
2974
2975
2976
2978
2979
2980
2981
2982
2983
2984
2986
2994
2995
2996
2997
2998
2999
3000
3001
3002
3005
3006
3007
3008
3009
3010
3011
3012
3013
3014
3018
3024
3028
3031
3034
3037
3039
3040
3041
3042
3047
3048
3051
3052
3053
3054
3055
3056
3057
3058
3059
3060
3061
3062
3063
3064
3065
3066
3067
3069
3073
3077
3082
3091
3094
3098
3099
3101
3104
3106
3108
3110
3111
3114
3115
3117
3119
3121
3123
3124
3125
3126
3127
3128
3129
3130
3131
3132
3134
3137
3138
3141
3150
3151
3152
3155
3156
3158
3160
3162
3165
3166
3175
3177
3178
3179
3180
3182
3184
3185
3190
3191
3192
3193
3195
3199
3200
3202
3203
3207
3211
3215
3218
3221
3223
3232
3233
3234
3235
3239
3241
3243
3246
3251
3259
3265
3267
3268
3269
3270
3271
3273
3277
3281
3282
3284
3285
3286
3287
3288
3289
3290
3291
3292
3293
3294
3302
3305
3306
3307
3309
3311
3313
3315
3324
3325
3327
3329
3331
3333
3334
3335
3336
3337
3342
3343
3344
3346
3347
3349
3350
3351
3352
3353
3354
3355
3356
3357
3358
3359
3361
3371
3375
3377
3378
3379
3383
3384
3386
3395
3399
3402
3406
3407
3408
3412
3413
3414
3417
3418
3419
3420
3421
3422
3423
3424
3425
3426
3427
3428
3429
3430
3431
3432
3433
3434
3441
3442
3443
3444
3445
3446
3453
3454
3455
3456
3457
3458
3459
3460
3461
3463
3464
3465
3468
3470
3471
3472
3475
3477
3478
3479
3481
3482
3483
3484
3485
3486
3488
3489
3490
3491
3492
3493
3496
3498
3499
3500
3503
3505
3506
3508
3510
3512
3513
3514
3516
3517
3518
3519
3520
3521
3522
3523
3525
3526
3527
3528
3531
3532
3533
3534
3535
3536
3537
3538
3539
3540
3541
3543
3544
3545
3546
3547
3549
3553
3556
3558
3559
3561
3564
3566
3569
3573
3578
3579
3581
3586
3590
3592
3594
3597
3599
3600
3605
3609
3610
3611
3612
3614
3616
3618
3620
3621
3622
3623
3624
3625
3627
3628
3629
3630
3631
3632
3633
3634
3635
3636
3637
3639
3641
3643
3645
3646
3648
3650
3652
3653
3654
3656
3657
3659
3660
3661
3662
3663
3664
3665
3667
3668
3671
3672
3674
3676
3678
3680
3681
3683
3685
3687
3688
3689
3690
3692
3693
3694
3695
3696
3697
3698
3699
3700
3701
3702
3703
3704
3705
3706
3707
3714
3715
3716
3717
3724
3725
3726
3727
3728
3729
3730
3731
3732
3733
3734
3735
3736
3737
3738
3739
3740
3741
3743
3744
3759
3760
3765
3767
3769
3771
3772
3773
3774
3776
3783
3784
3785
3786
3788
3789
3790
3791
3792
3793
3794
3795
3796
3797
3799
3801
3803
3808
3811
3821
3822
3823
3824
3825
3830
3831
3834
3836
3837
3838
3842
3844
3845
3846
3847
3849
3850
3851
3852
3853
3854
3855
3856
3857
3858
3859
3860
3861
3862
3863
3864
3866
3867
3872
3876
3881
3883
3884
3889
3893
3895
3896
3897
3898
3900
3903
3908
3909
3910
3911
3912
3913
3914
3915
3917
3918
3919
3920
3921
3922
3923
3924
3925
3926
3927
3928
3930
3934
3942
3948
3952
3953
3954
3955
3956
3961
3962
3965
3967
3968
3969
3970
3971
3972
3980
3982
3984
3986
3987
3988
3989
3990
3991
3992
3993
3994
3995
3996
3997
3998
4000
4001
4002
4004
4016
4017
4019
4022
4026
4027
4029
4030
4031
4032
4033
4035
4038
4039
4044
4045
4046
4047
4048
4049
4050
4051
4053
4054
4055
4056
4057
4058
4059
4060
4061
4062
4064
4066
4070
4072
4087
4088
4089
4090
4095
4098
4100
4101
4102
4103
4104
4105
4106
4107
4108
4109
4110
4111
4112
4113
4114
4115
4116
4117
4118
4120
4124
4135
4140
4141
4146
4147
4149
4152
4154
4156
4158
4159
4162
4164
4166
4170
4171
4172
4173
4174
4175
4176
4177
4178
4179
4181
4182
4183
4186
4187
4190
4199
4200
4201
4204
4207
4209
4211
4214
4215
4228
4229
4230
4235
4236
4240
4241
4242
4243
4245
4246
4247
4248
4250
4252
4253
4254
4255
4256
4258
4259
4260
4261
4262
4263
4264
4265
4266
4267
4268
4269
4270
4271
4273
4277
4289
4293
4296
4300
4301
4303
4304
4306
4310
4312
4313
4315
4317
4319
4320
4324
4325
4326
4327
4328
4329
4330
4331
4332
4333
4334
4345
4349
4351
4352
4353
4355
4357
4360
4364
4369
4373
4376
4380
4381
4385
4386
4387
4391
4392
4393
4395
4396
4398
4400
4403
4405
4406
4407
4411
4412
4413
4414
4415
4416
4417
4418
4419
4420
4421
4422
4423
4432
4433
4436
4437
4438
4440
4442
4444
4453
4454
4456
4458
4462
4463
4464
4465
4466
4467
4470
4472
4473
4474
4479
4480
4481
4482
4483
4484
4485
4486
4487
4488
4489
4500
4504
4506
4507
4508
4512
4513
4515
4524
4534
4535
4536
4540
4541
4544
4545
4546
4547
4548
4549
4550
4551
4552
4553
4554
4555
4556
4557
4558
4559
4560
4561
4562
4563
4564
4565
4566
4567
4568
4569
4570
4571
4572
4573
4574
4575
4576
4577
4578
4579
4580
4581
4582
4583
4584
4585
4586
4587
4588
4589
4590
4591
4592
4593
4594
4595
4596
4597
4598
4599
4600
4601
4602
4603
4604
4605
4606
4607
4608
4609
4610
4611
4612
4613
4615
4617
4619
4621
4622
4624
4625
4626
4628
4633
4635
4636
4639
4640
4641
4642
4643
4646
4647
4649
4650
4651
4652
4653
4654
4655
4656
4659
4660
4662
4663
4664
4665
4666
4667
4668
4669
4672
4673
4674
4675
4676
4677
4678
4679
4680
4681
4683
4685
4686
4687
4688
4689
4691
4692
4693
4694
4699
4701
4703
4704
4705
4706
4707
4708
4709
4710
4711
4713
4714
4716
4718
4732
4734
4736
4738
4739
4740
4742
4743
4745
4746
4747
4748
4750
4752
4753
4754
4755
4756
4759
4765
4766
4769
4774
4776
4777
4779
4780
4781
4782
4783
4786
4788
4789
4790
4791
4792
4793
4794
4795
4796
4797
4799
4801
4803
4804
4807
4809
4810
4811
4812
4813
4814
4817
4819
4820
4821
4822
4823
4824
4827
4829
4832
4833
4835
4839
4842
4845
4847
4848
4850
4856
4857
4858
4859
4860
4861
4862
4863
4864
4865
4866
4867
4868
4869
4870
4873
4875
4876
4877
4878
4879
4880
4881
4882
4883
4884
4885
4886
4891
4892
4893
4894
4895
4896
4897
4898
4900
4901
4904
4906
4907
4908
4909
4910
4911
4912
4914
4915
4916
4917
4918
4919
4920
4921
4922
4924
4925
4926
4927
4928
4929
4930
4932
4933
4934
4935
4936
4937
4938
4939
4940
4941
4942
4943
4944
4945
4946
4947
4948
4951
4953
4957
4958
4959
4960
4961
4962
4963
4965
4967
4969
4971
4973
4977
4978
4979
4980
4981
4982
4983
4984
4985
4986
4987
4988
4989
4990
4991
4992
4993
4994
4995
4996
4997
4998
4999
5000
5001
5002
5003
5004
5005
5006
5007
5008
5009
5010
5011
5012
5013
5014
5015
5016
5017
5018
5019
5020
5021
5022
5023
5024
5025
5026
5027
5028
5029
5030
5031
5032
5033
5034
5035
5036
5037
5038
5039
5040
5041
5042
5043
5044
5045
5046
5047
5048
5049
5050
5051
5052
5053
5054
5055
5056
5057
5058
5059
5060
5061
5062
5063
5064
5065
5066
5067
5068
5069
5070
5071
5072
5073
5074
5075
5076
5077
5078
5079
5080
5082
5084
5087
5088
5089
5090
5091
5092
5093
5094
5095
5096
5097
5099
5101
5102
5104
5109
5111
5113
5114
5115
5116
5118
5119
5120
5121
5122
5123
5124
5125
5126
5127
5129
5131
5133
5134
5135
5136
5137
5138
5139
5140
5142
5144
5146
5147
5148
5149
5151
5152
5153
5154
5156
5157
5159
5160
5161
5162
5163
5165
5167
5168
5170
5171
5172
5173
5174
5177
5178
5180
5181
5184
5185
5187
5188
5191
5193
5194
5195
5196
5199
5203
5204
5205
5206
5208
5209
5210
5211
5212
5215
5216
5218
5221
5225
5226
5227
5228
5229
5230
5231
5233
5234
5239
5240
5241
5242
5243
5244
5245
5249
5250
5253
5254
5255
5256
5257
5258
5259
5260
5261
5263
5264
5265
5266
5268
5269
5270
5271
5272
5273
5274
5275
5276
5277
5278
5279
5280
5281
5282
5283
5284
5285
5286
5287
5288
5289
5290
5292
5294
5296
5297
5298
5300
5303
5308
5309
5310
5311
5312
5315
5316
5317
5318
5320
5321
5323
5324
5326
5327
5328
5329
5330
5331
5332
5333
5334
5336
5337
5340
5344
5349
5350
5351
5352
5356
5357
5358
5359
5360
5361
5362
5363
5364
5365
5366
5367
5368
5369
5370
5371
5372
5373
5374
5375
5376
5377
5378
5380
5381
5383
5386
5387
5388
5392
5395
5396
5398
5399
5401
5403
5404
5405
5406
5407
5408
5409
5410
5411
5412
5413
5414
5416
5417
5420
5423
5424
5425
5426
5431
5434
5435
5436
5437
5442
5447
5448
5451
5452
5454
5455
5456
5457
5458
5459
5460
5461
5462
5463
5464
5465
5466
5467
5468
5469
5470
5471
5472
5473
5474
5475
5476
5477
5478
5486
5487
5488
5489
5490
5491
5492
5494
5495
5497
5500
5501
5502
5503
5505
5507
5508
5511
5512
5514
5515
5516
5517
5518
5519
5521
5527
5528
5529
5531
5533
5534
5535
5536
5537
5539
5541
5542
5544
5546
5547
5549
5550
5551
5552
5553
5554
5555
5557
5558
5560
5564
5572
5578
5579
5581
5586
5590
5591
5593
5594
5596
5597
5598
5599
5600
5601
5602
5603
5604
5605
5606
5608
5609
5612
5614
5617
5618
5621
5622
5637
5638
5639
5640
5642
5643
5646
5648
5649
5650
5651
5652
5653
5654
5655
5656
5658
5659
5661
5662
5663
5664
5665
5666
5667
5668
5669
5670
5671
5672
5673
5674
5675
5676
5677
5678
5679
5680
5681
5682
5683
5684
5685
5686
5687
5688
5689
5690
5691
5692
5693
5694
5695
5696
5698
5699
5700
5701
5702
5703
5704
5705
5706
5707
5708
5709
5710
5711
5714
5715
5717
5718
5719
5721
5722
5723
5724
5725
5726
5727
5728
5730
5736
5737
5738
5740
5741
5742
5743
5744
5745
5746
5750
5751
5754
5758
5760
5761
5765
5766
5767
5769
5770
5771
5772
5776
5779
5781
5783
5786
5787
5788
5789
5793
5794
5796
5797
5799
5800
5801
5802
5805
5808
5810
5816
5817
5820
5821
5824
5825
5828
5829
5831
5832
5834
5835
5836
5837
5838
5839
5840
5841
5842
5843
5844
5845
5846
5847
5848
5852
5853
5854
5855
5857
5858
5859
5860
5861
5862
5863
5864
5865
5866
5867
5868
5869
5870
5871
5872
5873
5875
5876
5878
5881
5884
5885
5888
5896
5897
5898
5899
5908
5909
5911
5914
5915
5916
5917
5918
5919
5920
5921
5922
5923
5925
5927
5928
5929
5931
5933
5934
5935
5936
5937
5938
5939
5940
5941
5942
5943
5944
5945
5946
5947
5948
5949
5950
5951
5952
5953
5954
5955
5956
5957
5958
5959
5960
5961
5962
5963
5964
5965
5967
5968
5971
5976
5981
5982
5985
5990
5993
5994
5996
5997
5998
5999
6000
6001
6002
6003
6004
6005
6006
6007
6008
6009
6010
6011
6012
6013
6014
6015
6016
6017
6018
6019
6024
6026
6027
6028
6029
6030
6031
6033
6037
6046
6049
6050
6052
6053
6054
6055
6056
6057
6058
6061
6063
6064
6065
6066
6067
6068
6069
6070
6071
6072
6073
6074
6075
6076
6077
6078
6081
6082
6085
6089
6100
6101
6102
6103
6105
6106
6107
6108
6115
6117
6118
6119
6120
6121
6122
6123
6124
6125
6126
6127
6129
6130
6132
6136
6139
6140
6141
6142
6143
6147
6148
6149
6154
6156
6157
6160
6161
6163
6166
6167
6169
6170
6171
6173
6174
6176
6177
6178
6181
6182
6184
6185
6186
6188
6189
6191
6192
6193
6195
6196
6198
6202
6205
6209
6212
6213
6214
6215
6216
6219
6220
6222
6224
6225
6226
6228
6229
6230
6231
6232
6233
6237
6238
6239
6240
6242
6243
6244
6246
6247
6248
6249
6250
6251
6252
6253
6254
6255
6256
6257
6258
6259
6260
6261
6262
6263
6266
6278
6279
6280
6281
6282
6283
6284
6287
6288
6291
6292
6295
6296
6298
6299
6300
6301
6307
6309
6311
6312
6314
6315
6316
6317
6318
6319
6320
6321
6322
6323
6327
6330
6331
6335
6336
6344
6345
6346
6347
6348
6349
6350
6351
6353
6355
6356
6358
6359
6360
6361
6362
6363
6364
6365
6366
6367
6368
6369
6370
6371
6372
6373
6374
6375
6376
6377
6378
6379
6380
6381
6382
6383
6384
6385
6387
6391
6394
6397
6400
6401
6402
6403
6404
6405
6406
6407
6409
6410
6412
6413
6416
6417
6418
6421
6424
6426
6427
6430
6433
6435
6437
6438
6439
6440
6442
6443
6444
6445
6446
6447
6448
6449
6450
6454
6457
6459
6460
6461
6462
6464
6467
6469
6470
6471
6473
6475
6477
6478
6479
6482
6483
6485
6488
6489
6491
6492
6493
6495
6496
6498
6499
6500
6501
6503
6504
6506
6508
6509
6510
6512
6513
6516
6517
6519
6520
6523
6524
6526
6527
6528
6531
6532
6534
6536
6537
6538
6540
6541
6542
6544
6545
6546
6548
6549
6550
6551
6553
6556
6559
6563
6566
6571
6574
6578
6580
6583
6584
6585
6586
6587
6588
6589
6590
6592
6594
6595
6597
6598
6599
6600
6601
6602
6603
6605
6609
6612
6616
6618
6619
6621
6623
6624
6625
6626
6627
6628
6629
6630
6631
6632
6633
6634
6635
6636
6638
6639
6640
6643
6647
6650
6654
6655
6657
6658
6659
6662
6666
6669
6673
6674
6677
6678
6680
6681
6682
6683
6684
6685
6686
6690
6694
6695
6696
6704
6705
6707
6708
6710
6711
6712
6713
6714
6715
6716
6717
6718
6719
6721
6723
6725
6726
6729
6732
6733
6736
6738
6739
6742
6743
6744
6745
6746
6747
6748
6753
6754
6757
6762
6763
6764
6765
6766
6768
6769
6770
6773
6778
6782
6783
6787
6789
6790
6792
6794
6795
6796
6800
6804
6806
6808
6811
6813
6817
6818
6820
6821
6822
6824
6828
6831
6833
6834
6837
6839
6840
6841
6842
6843
6844
6845
6848
6850
6851
6854
6859
6862
6863
6865
6873
6875
6876
6878
6879
6880
6881
6883
6884
6885
6886
6887
6888
6889
6890
6891
6892
6896
6898
6903
6906
6907
6908
6909
6913
6914
6920
6923
6924
6925
6926
6927
6928
6929
6930
6931
6932
6933
6934
6935
6936
6938
6939
6940
6941
6942
6943
6944
6946
6948
6949
6951
6952
6953
6958
6962
6963
6964
6965
6966
6967
6970
6971
6973
6974
6976
6977
6978
6979
6980
6981
6982
6983
6984
6987
6988
6991
6995
6999
7000
7001
7002
7004
7005
7007
7008
7009
7010
7011
7012
7013
7014
7015
7016
7017
7018
7019
7020
7021
7022
7023
7024
7025
7026
7027
7028
7029
7030
7031
7032
7033
7038
7041
7042
7043
7044
7047
7050
7053
7054
7055
7056
7057
7058
7059
7062
7063
7066
7068
7069
7070
7071
7072
7074
7078
7080
7082
7084
7085
7086
7087
7088
7089
7090
7091
7092
7093
7094
7098
7101
7102
7103
7104
7105
7106
7107
7110
7111
7114
7116
7117
7119
7120
7121
7122
7124
7125
7126
7129
7133
7135
7136
7137
7138
7139
7140
7141
7142
7143
7144
7145
7146
7147
7148
7149
7150
7151
7152
7153
7154
7157
7169
7170
7171
7172
7173
7174
7175
7178
7179
7182
7184
7185
7186
7187
7195
7197
7199
7200
7201
7202
7203
7204
7205
7206
7208
7209
7210
7211
7213
7214
7217
7221
7226
7227
7228
7230
7231
7233
7235
7236
7237
7238
7240
7242
7243
7245
7246
7247
7248
7249
7250
7251
7252
7253
7254
7255
7256
7257
7258
7259
7260
7261
7262
7264
7265
7268
7271
7272
7274
7277
7278
7279
7281
7282
7284
7285
7286
7287
7290
7292
7293
7294
7295
7296
7299
7300
7302
7306
7309
7315
7316
7317
7318
7319
7320
7321
7322
7323
7327
7328
7329
7331
7333
7334
7335
7336
7337
7338
7339
7340
7341
7342
7344
7346
7347
7349
7350
7351
7353
7354
7355
7356
7358
7361
7363
7364
7365
7367
7369
7370
7372
7373
7375
7378
7381
7383
7384
7385
7386
7388
7389
7390
7391
7393
7395
7396
7398
7400
7402
7403
7406
7410
7412
7413
7414
7415
7416
7417
7419
7420
7421
7422
7423
7424
7425
7426
7427
7428
7429
7430
7431
7433
7435
7436
7438
7439
7440
7441
7442
7443
7444
7445
7446
7447
7448
7449
7450
7451
7452
7454
7458
7460
7461
7463
7465
7466
7467
7468
7469
7470
7471
7472
7473
7474
7475
7476
7477
7478
7479
7480
7481
7482
7483
7484
7485
7486
7487
7488
7489
7490
7491
7492
7493
7494
7495
7496
7497
7498
7499
7500
7501
7502
7503
7504
7505
7506
7507
7508
7509
7510
7511
7512
7513
7514
7515
7516
7517
7518
7519
7520
7521
7522
7523
7524
7525
7526
7527
7528
7529
7530
7533
7537
7539
7541
7543
7545
7546
7547
7548
7552
7555
7556
7557
7558
7559
7561
7563
7565
7567
7568
7569
7571
7573
7574
7575
7583
7584
7585
7586
7587
7588
7589
7590
7591
7592
7593
7594
7595
7596
7597
7598
7599
7600
7601
7602
7603
7604
7605
7606
7610
7613
7616
7618
7619
7620
7622
7623
7625
7626
7630
7631
7632
7633
7635
7637
7638
7639
7645
7646
7647
7648
7649
7650
7651
7652
7653
7654
7655
7656
7657
7658
7659
7662
7668
7669
7670
7672
7681
7682
7683
7685
7686
7687
7688
7689
7690
7692
7694
7698
7701
7704
7705
7706
7707
7708
7710
7714
7717
7718
7719
7720
7721
7722
7723
7724
7725
7726
7727
7728
7729
7730
7731
7732
7733
7734
7735
7736
7737
7738
7742
7745
7746
7747
7750
7752
7753
7754
7756
7757
7759
7760
7763
7765
7767
7768
7773
7774
7775
7776
7778
7779
7780
7783
7786
7792
7794
7797
7801
7806
7807
7808
7809
7814
7817
7818
7819
7820
7822
7823
7824
7827
7833
7834
7835
7836
7837
7838
7840
7843
7844
7846
7849
7851
7852
7858
7862
7863
7864
7867
7869
7870
7871
7873
7874
7875
7877
7879
7880
7881
7882
7883
7884
7885
7886
7887
7889
7892
7896
7899
7904
7906
7911
7913
7916
7917
7918
7919
7920
7921
7923
7925
7926
7927
7928
7930
7931
7932
7933
7934
7935
7936
7937
7938
7939
7940
7941
7942
7943
7946
7947
7951
7953
7956
7957
7958
7959
7960
7961
7962
7963
7965
7966
7968
7969
7970
7972
7974
7975
7977
7979
7980
7982
7983
7984
7985
7986
7987
7988
7989
7990
7994
7997
8002
8004
8005
8006
8007
8009
8011
8012
8013
8014
8015
8017
8018
8019
8020
8022
8023
8024
8025
8027
8029
8031
8033
8034
8035
8036
8037
8038
8043
8044
8045
8046
8047
8048
8049
8050
8051
8052
8053
8054
8059
8061
8066
8068
8069
8070
8071
8072
8073
8075
8076
8079
8080
8081
8083
8086
8087
8089
8091
8092
8094
8095
8096
8097
8098
8099
8100
8101
8102
8103
8104
8105
8106
8110
8112
8115
8122
8123
8124
8126
8128
8129
8130
8131
8133
8135
8136
8137
8140
8142
8145
8147
8149
8151
8152
8153
8154
8155
8156
8158
8159
8163
8169
8170
8171
8172
8173
8174
8175
8176
8178
8181
8182
8183
8184
8187
8189
8192
8193
8194
8196
8198
8199
8201
8202
8203
8204
8205
8206
8207
8208
8209
8210
8211
8212
8213
8215
8216
8218
8219
8221
8222
8223
8224
8226
8227
8228
8229
8230
8232
8239
8243
8245
8246
8247
8248
8249
8250
8251
8253
8254
8263
8267
8285
8288
8290
8291
8294
8295
8311
8313
8315
8316
8318
8319
8320
8321
8322
8323
8324
8325
8326
8327
8328
8331
8335
8337
8339
8342
8343
8344
8345
8347
8348
8349
8350
8351
8353
8354
8356
8357
8358
8359
8360
8361
8362
8364
8365
8367
8368
8370
8371
8380
8381
8382
8383
8392
8393
8394
8396
8405
8406
8407
8408
8410
8411
8413
8414
8423
8424
8425
8427
8429
8430
8431
8433
8435
8436
8437
8439
8440
8441
8442
8443
8444
8445
8453
8454
8455
8456
8458
8460
8461
8463
8464
8465
8466
8467
8468
8470
8472
8473
8474
8475
8476
8477
8478
8479
8480
8481
8482
8483
8484
8485
8486
8487
8488
8489
8490
8491
8492
8493
8495
8496
8497
8498
8499
8501
8502
8503
8505
8507
8508
8509
8511
8513
8514
8515
8517
8518
8519
8520
8521
8522
8523
8524
8525
8526
8527
8532
8534
8535
8536
8541
8543
8548
8550
8551
8552
8553
8554
8559
8561
8566
8568
8569
8570
8572
8573
8574
8575
8576
8577
8578
8579
8580
8581
8582
8583
8584
8585
8586
8587
8588
8589
8590
8591
8592
8593
8594
8595
8597
8599
8600
8602
8604
8605
8606
8608
8609
8610
8611
8612
8614
8615
8616
8617
8619
8620
8621
8622
8623
8624
8625
8629
8630
8631
8632
8633
8635
8636
8637
8638
8639
8641
8642
8643
8644
8648
8649
8651
8652
8653
8654
8655
8658
8659
8660
8661
8663
8665
8667
8668
8671
8673
8674
8675
8676
8680
8681
8682
8685
8687
8688
8689
8692
8694
8695
8696
8697
8701
8702
8703
8704
8705
8706
8707
8708
8709
8710
8711
8712
8713
8714
8715
8716
8717
8718
8719
8720
8721
8722
8723
8724
8725
8726
8728
8729
8730
8731
8732
8733
8734
8735
8736
8737
8738
8739
8740
8741
8742
8743
8744
8745
8746
8748
8751
8754
8755
8756
8757
8760
8762
8765
8766
8767
8768
8770
8771
8772
8773
8775
8781
8782
8783
8785
8793
8794
8795
8796
8798
8799
8800
8801
8802
8804
8805
8806
8807
8808
8809
8810
8811
8812
8813
8814
8815
8816
8819
8820
8821
8823
8841
8842
8843
8846
8847
8848
8854
8855
8856
8857
8860
8861
8863
8864
8865
8866
8867
8871
8872
8873
8875
8877
8878
8881
8883
8884
8885
8887
8889
8890
8891
8895
8896
8897
8900
8902
8903
8904
8905
8906
8907
8908
8910
8917
8918
8919
8920
8921
8923
8924
8925
8927
8928
8930
8931
8932
8933
8934
8937
8938
8939
8943
8946
8947
8948
8949
8954
8956
8957
8958
8963
8965
8966
8967
8971
8975
8977
8978
8979
8980
8982
8983
8984
8985
8986
8987
8988
8989
8990
8991
8992
8993
8994
8995
8996
8997
8998
8999
9000
9001
9002
9003
9004
9005
9006
9007
9008
9009
9010
9011
9012
9013
9014
9015
9016
9018
9019
9020
9021
9022
9023
9024
9025
9026
9027
9028
9029
9030
9031
9032
9033
9036
9038
9039
9040
9042
9044
9045
9046
9047
9048
9050
9052
9053
9054
9055
9056
9057
9058
9059
9060
9061
9062
9063
9064
9065
9066
9067
9069
9070
9071
9073
9074
9075
9076
9077
9080
9081
9083
9085
9087
9088
9090
9091
9093
9094
9096
9097
9098
9099
9101
9102
9103
9104
9106
9109
9110
9113
9115
9116
9117
9118
9122
9123
9124
9125
9127
9128
9129
9130
9131
9133
9134
9135
9136
9137
9138
9139
9140
9141
9142
9143
9144
9150
9151
9152
9153
9154
9157
9159
9160
9161
9162
9163
9164
9165
9169
9170
9171
9173
9174
9175
9176
9177
9178
9180
9181
9182
9184
9185
9188
9189
9191
9194
9195
9196
9197
9198
9199
9200
9201
9202
9203
9205
9207
9208
9209
9210
9212
9213
9214
9215
9216
9217
9218
9219
9220
9221
9222
9223
9224
9225
9226
9228
9229
9230
9231
9232
9234
9235
9236
9237
9238
9239
9240
9241
9242
9243
9244
9245
9246
9247
9248
9249
9250
9251
9252
9254
9255
9256
9257
9258
9259
9260
9261
9262
9263
9264
9265
9266
9267
9268
9269
9270
9271
9272
9273
9274
9275
9276
9277
9278
9279
9280
9281
9282
9283
9284
9285
9286
9287
9288
9289
9290
9291
9292
9293
9294
9295
9296
9297
9298
9299
9300
9301
9302
9303
9304
9305
9306
9309
9310
9312
9313
9314
9315
9316
9317
9318
9320
9322
9323
9324
9325
9326
9327
9328
9329
9330
9331
9332
9333
9334
9335
9336
9337
9338
9339
9340
9341
9342
9343
9344
9345
9346
9347
9348
9349
9350
9351
9352
9353
9354
9355
9356
9357
9358
9359
9360
9361
9362
9363
9364
9365
9368
9369
9371
9372
9373
9374
9375
9376
9377
9378
9379
9380
9381
9382
9383
9384
9385
9386
9387
9388
9389
9390
9391
9392
9393
9394
9395
9396
9397
9398
9399
9400
9401
9402
9403
9404
9405
9406
9407
9408
9409
9410
9411
9412
9413
9414
9415
9416
9417
9418
9419
9421
9422
9423
9424
9425
9426
9427
9428
9429
9430
9431
9434
9438
9439
9440
9441
9442
9444
9447
9448
9450
9451
9454
9456
9459
9460
9461
9462
9466
9467
9469
9470
9471
9472
9473
9481
9482
9483
9484
9492
9493
9495
9496
9497
9498
9499
9500
9501
9502
9504
9505
9506
9507
9508
9509
9510
9511
9512
9513
9514
9515
9516
9517
9518
9519
9520
9521
9522
9523
9526
9528
9531
9532
9533
9534
9535
9536
9537
9538
9540
9545
9546
9547
9548
9549
9558
9559
9560
9561
9571
9572
9573
9574
9583
9584
9585
9587
9595
9596
9598
9599
9602
9603
9605
9609
9610
9611
9612
9616
9618
9619
9623
9625
9626
9628
9629
9630
9632
9633
9634
9635
9636
9638
9639
9641
9642
9643
9644
9645
9646
9647
9648
9649
9650
9651
9652
9653
9654
9655
9656
9657
9658
9660
9662
9664
9665
9668
9670
9671
9672
9673
9677
9678
9687
9701
9702
9717
9729
9730
9731
9732
9733
9735
9736
9737
9739
9740
9741
9743
9744
9745
9746
9747
9750
9751
9752
9756
9759
9760
9761
9766
9768
9769
9770
9775
9777
9778
9779
9783
9786
9787
9789
9790
9791
9792
9794
9795
9796
9797
9798
9799
9800
9801
9802
9803
9804
9805
9806
9807
9808
9809
9810
9811
9812
9813
9814
9815
9816
9817
9818
9819
9820
9821
9822
9823
9824
9825
9826
9827
9828
9829
9830
9831
9832
9833
9834
9835
9836
9837
9838
9839
9840
9841
9842
9843
9844
9845
9846
9847
9848
9849
9850
9851
9852
9853
9854
9855
9856
9857
9858
9859
9860
9861
9862
9863
9864
9865
9866
9867
9868
9869
9870
9871
9872
9873
9874
9875
9876
9877
9878
9879
9880
9881
9882
9883
9884
9885
9886
9887
9888
9889
9890
9891
9892
9893
9894
9895
9896
9897
9898
9899
9900
9901
9902
9903
9904
9905
9906
9907
9908
9909
9910
9911
9912
9913
9914
9915
9916
9917
9918
9919
9920
9921
9922
9923
9924
9925
9926
9927
9928
9929
9930
9931
9932
9933
9934
9935
9936
9937
9938
9939
9940
9941
9942
9943
9944
9945
9946
9947
9948
9949
9950
9951
9952
9953
9954
9955
9956
9957
9958
9959
9960
9961
9962
9963
9964
9965
9966
9967
9968
9969
9970
9971
9972
9973
9974
9975
9976
9977
9978
9979
9980
9981
9982
9983
9984
9985
9986
9987
9988
9989
9990
9991
9992
9993
9994
9995
9996
9997
9998
9999
10000
10001
10002
10003
10004
10005
10006
10007
10008
10009
10010
10011
10012
10013
10014
10015
10016
10017
10018
10019
10020
10021
10022
10023
10024
10025
10026
10027
10028
10029
10030
10031
10032
10033
10034
10035
10036
10037
10038
10039
10040
10041
10042
10043
10044
10045
10046
10047
10048
10049
10050
10051
10052
10053
10054
10055
10056
10057
10058
10059
10060
10061
10062
10063
10064
10065
10066
10067
10068
10069
10070
10071
10072
10073
10074
10075
10076
10077
10078
10079
10080
10081
10082
10083
10084
10085
10086
10087
10088
10089
10090
10091
10092
10093
10094
10095
10096
10097
10098
10099
10100
10101
10102
10103
10104
10105
10106
10107
10108
10109
10110
10111
10113
10115
10118
10119
10120
10122
10124
10125
10126
10127
10129
10130
10133
10134
10135
10137
10138
10139
10141
10144
10146
10147
10148
10150
10151
10152
10153
10157
10158
10160
10165
10172
10177
10180
10183
10184
10185
10186
10187
10188
10190
10193
10194
10196
10197
10198
10199
10202
10204
10205
10209
10211
10217
10222
10228
10234
10235
10236
10237
10241
10244
10245
10246
10250
10253
10254
10255
10260
10262
10268
10269
10270
10271
10276
10278
10279
10280
10286
10287
10288
10289
10294
10296
10297
10298
10299
10302
10303
10305
10306
10308
10309
10310
10312
10314
10315
10316
10317
10318
10319
10320
10321
10322
10323
10324
10325
10326
10341
10342
10343
10344
10345
10346
10347
10348
10349
10350
10351
10352
10353
10354
10355
10357
10358
10359
10360
10361
10362
10364
10365
10366
10367
10368
10369
10370
10371
10372
10373
10374
10375
10376
10377
10378
10379
10380
10381
10382
10383
10384
10385
10386
10387
10388
10389
10390
10391
10392
10393
10394
10404
10405
10408
10411
10417
10419
10422
10426
10431
10432
10433
10434
10439
10445
10453
10464
10466
10467
10468
10469
10470
10471
10473
10474
10475
10476
10477
10478
10479
10480
10482
10483
10484
10485
10486
10488
10489
10490
10491
10492
10503
10523
10544
10552
10563
10564
10565
10566
10568
10569
10570
10571
10572
10573
10574
10576
10578
10584
10585
10586
10588
10590
10591
10593
10594
10596
10597
10598
10599
10600
10601
10603
10605
10606
10607
10609
10610
10611
10612
10617
10619
10620
10621
10622
10623
10624
10625
10626
10627
10628
10630
10631
10632
10633
10635
10636
10637
10638
10639
10640
10641
10642
10643
10644
10645
10646
10647
10648
10649
10650
10651
10652
10653
10654
10655
10659
10661
10666
10669
10670
10671
10672
10673
10675
10679
10681
10682
10683
10684
10685
10686
10687
10688
10689
10690
10691
10692
10693
10694
10695
10696
10697
10699
10701
10702
10704
10707
10708
10710
10711
10712
10713
10715
10716
10718
10719
10720
10721
10722
10723
10727
10728
10731
10732
10733
10734
10736
10739
10742
10743
10744
10745
10746
10747
10748
10749
10750
10752
10754
10755
10757
10760
10761
10763
10764
10765
10768
10769
10771
10772
10773
10774
10775
10776
10777
10778
10779
10780
10781
10782
10783
10784
10785
10786
10787
10788
10789
10790
10791
10792
10793
10794
10795
10796
10797
10800
10801
10803
10812
10813
10814
10815
10816
10817
10818
10819
10820
10821
10822
10823
10824
10825
10826
10828
10830
10839
10840
10841
10842
10844
10847
10848
10849
10855
10860
10862
10864
10867
10868
10869
10870
10873
10874
10875
10876
10879
10880
10881
10882
10885
10886
10887
10888
10889
10890
10892
10893
10895
10896
10897
10898
10899
10901
10902
10903
10905
10906
10907
10908
10909
10910
10912
10913
10915
10916
10917
10918
10919
10921
10922
10923
10924
10925
10926
10927
10930
10931
10933
10934
10936
10937
10939
10940
10942
10946
10947
10948
10953
10954
10955
10956
10957
10958
10959
10960
10962
10963
10966
10967
10970
10973
10974
10975
10980
10981
10982
10987
10988
10989
10990
10991
10992
10993
10994
10995
10996
10997
10998
10999
11000
11001
11002
11003
11004
11005
11006
11007
11008
11009
11010
11011
11012
11013
11014
11015
11016
11017
11018
11019
11020
11021
11024
11025
11026
11031
11032
11035
11038
11040
11044
11046
11049
11058
11059
11060
11062
11071
11072
11073
11075
11078
11079
11082
11083
11085
11086
11087
11088
11089
11091
11092
11094
11095
11096
11097
11098
11099
11101
11102
11103
11105
11106
11107
11108
11109
11111
11112
11114
11115
11116
11117
11118
11119
11121
11122
11131
11132
11133
11134
11143
11144
11146
11147
11156
11157
11158
11160
11182
11183
11184
11185
11186
11187
11188
11189
11190
11191
11193
11196
11199
11201
11202
11205
11206
11207
11208
11209
11211
11212
11213
11214
11215
11216
11217
11218
11221
11223
11225
11227
11228
11229
11232
11233
11238
11239
11240
11244
11246
11247
11248
11249
11250
11251
11252
11253
11255
11257
11259
11260
11261
11262
11263
11264
11266
11268
11269
11271
11272
11273
11274
11275
11276
11277
11278
11279
11280
11281
11282
11283
11284
11286
11287
11289
11290
11291
11294
11296
11297
11298
11299
11300
11303
11304
11305
11306
11307
11308
11309
11310
11311
11312
11313
11314
11315
11316
11317
11318
11321
11323
11326
11327
11328
11329
11333
11336
11337
11338
11339
11340
11342
11345
11348
11349
11350
11351
11352
11353
11354
11355
11356
11358
11359
11360
11362
11363
11366
11367
11369
11370
11371
11372
11374
11376
11377
11378
11379
11380
11383
11386
11388
11389
11390
11391
11395
11398
11399
11400
11401
11402
11404
11407
11410
11411
11412
11413
11414
11415
11416
11417
11418
11419
11420
11421
11422
11423
11424
11425
11426
11427
11428
11429
11430
11431
11432
11433
11434
11435
11436
11437
11438
11439
11440
11448
11449
11452
11453
11455
11456
11457
11458
11459
11460
11461
11462
11463
11464
11465
11467
11469
11470
11472
11473
11474
11475
11476
11477
11478
11488
11489
11490
11494
11496
11499
11503
11508
11510
11512
11522
11523
11529
11544
11572
11580
11592
11593
11594
11595
11596
11597
11598
11600
11601
11602
11603
11604
11605
11606
11608
11609
11610
11611
11612
11613
11615
11616
11617
11618
11619
11620
11623
11624
11626
11627
11629
11630
11632
11633
11636
11638
11639
11640
11642
11643
11645
11646
11647
11648
11649
11651
11652
11653
11654
11655
11657
11658
11659
11661
11662
11664
11665
11666
11667
11668
11670
11671
11673
11674
11675
11676
11677
11678
11679
11680
11681
11682
11683
11684
11685
11686
11687
11688
11689
11690
11691
11692
11693
11694
11695
11696
11697
11698
11699
11700
11701
11702
11703
11706
11713
11721
11728
11731
11735
11736
11739
11740
11744
11747
11748
11749
11750
11752
11754
11755
11756
11757
11758
11760
11765
11767
11768
11769
11770
11771
11776
11778
11779
11780
11785
11787
11792
11794
11799
11801
11802
11803
11804
11805
11810
11812
11813
11814
11820
11821
11825
11830
11832
11835
11836
11837
11838
11839
11840
11841
11842
11845
11848
11850
11851
11852
11853
11855
11861
11862
11863
11864
11865
11866
11867
11868
11869
11871
11873
11875
11876
11878
11880
11881
11883
11884
11885
11886
11887
11889
11890
11891
11892
11893
11894
11896
11897
11898
11899
11900
11901
11902
11917
11918
11919
11920
11921
11922
11923
11924
11925
11926
11927
11928
11929
11930
11931
11932
11933
11934
11935
11936
11937
11938
11939
11940
11941
11942
11943
11944
11945
11946
11947
11948
11949
11950
11951
11952
11953
11954
11955
11956
11957
11958
11959
11960
11961
11962
11963
11964
11965
11966
11967
11968
11969
11970
11971
11972
11973
11974
11975
11978
11982
11986
11989
11991
11994
11996
11997
11998
11999
12001
12002
12004
12005
12006
12009
12011
12018
12019
12021
12024
12025
12026
12027
12028
12029
12030
12031
12032
12033
12034
12035
12036
12037
12038
12039
12040
12041
12042
12043
12044
12045
12046
12047
12048
12049
12051
12052
12053
12054
12055
12056
12057
12058
12060
12061
12062
12063
12066
12069
12071
12072
12073
12075
12077
12078
12080
12081
12082
12083
12084
12085
12086
12087
12088
12090
12091
12092
12093
12094
12095
12096
12097
12098
12099
12100
12101
12102
12103
12104
12105
12106
12107
12108
12109
12110
12111
12112
12115
12121
12122
12125
12128
12132
12136
12139
12143
12145
12150
12156
12163
12164
12165
12167
12175
12176
12177
12178
12179
12180
12181
12182
12183
12184
12185
12186
12187
12188
12189
12191
12193
12194
12196
12198
12199
12201
12202
12203
12204
12205
12208
12209
12211
12212
12214
12215
12216
12217
12218
12219
12220
12221
12222
12223
12224
12225
12226
12227
12228
12229
12230
12232
12235
12238
12240
12242
12243
12244
12245
12248
12249
12251
12252
12253
12254
12255
12256
12257
12258
12259
12260
12264
12265
12266
12267
12268
12269
12271
12273
12274
12275
12276
12277
12278
12281
12282
12283
12284
12285
12286
12287
12288
12289
12290
12291
12292
12293
12294
12295
12296
12297
12298
12299
12300
12301
12305
12308
12312
12315
12316
12317
12318
12320
12321
12322
12323
12325
12326
12327
12328
12329
12331
12332
12333
12334
12336
12337
12338
12339
12340
12341
12342
12343
12344
12345
12346
12347
12348
12349
12350
12351
12352
12353
12354
12355
12356
12357
12358
12359
12360
12361
12362
12363
12364
12365
12366
12367
12368
12369
12370
12371
12372
12373
12374
12375
12376
12377
12378
12379
12380
12381
12382
12383
12384
12385
12386
12387
12388
12389
12390
12391
12395
12398
12399
12401
12403
12405
12406
12407
12408
12409
12411
12412
12413
12414
12415
12416
12417
12419
12420
12422
12425
12426
12427
12428
12429
12430
12431
12432
12433
12434
12435
12436
12437
12438
12439
12440
12441
12442
12443
12444
12446
12447
12449
12450
12451
12452
12453
12454
12455
12456
12457
12458
12459
12462
12464
12465
12466
12469
12471
12472
12474
12476
12477
12479
12480
12481
12482
12483
12484
12485
12486
12487
12488
12491
12493
12494
12495
12496
12497
12498
12499
12500
12501
12502
12503
12504
12505
12506
12507
12508
12509
12510
12511
12512
12513
12514
12515
12516
12517
12518
12519
12520
12521
12522
12523
12526
12528
12532
12533
12536
12539
12540
12542
12553
12554
12555
12556
12568
12571
12572
12573
12574
12575
12576
12577
12578
12579
12580
12581
12583
12584
12586
12587
12588
12589
12590
12591
12592
12593
12594
12595
12596
12597
12598
12599
12600
12601
12602
12603
12604
12605
12606
12607
12608
12610
12613
12614
12616
12617
12618
12619
12620
12621
12626
12627
12628
12629
12630
12634
12635
12636
12637
12638
12639
12640
12641
12642
12643
12644
12645
12646
12647
12648
12649
12650
12651
12652
12653
12654
12655
12656
12657
12658
12659
12660
12661
12662
12663
12664
12665
12666
12667
12668
12670
12672
12674
12675
12676
12680
12681
12682
12683
12684
12685
12687
12689
12690
12692
12693
12696
12697
12699
12700
12701
12702
12703
12704
12705
12706
12707
12708
12709
12710
12711
12712
12714
12715
12716
12717
12718
12719
12720
12721
12722
12723
12724
12725
12726
12727
12728
12729
12730
12738
12739
12740
12742
12743
12744
12745
12746
12747
12748
12749
12750
12751
12752
12753
12756
12757
12758
12759
12760
12761
12762
12766
12768
12771
12774
12778
12779
12781
12787
12788
12793
12795
12798
12799
12800
12801
12802
12803
12804
12805
12806
12807
12808
12809
12810
12811
12812
12813
12814
12815
12816
12817
12818
12819
12820
12821
12822
12823
12824
12825
12826
12827
12828
12829
12830
12831
12832
12833
12834
12835
12836
12838
12839
12841
12843
12845
12846
12848
12849
12852
12853
12854
12855
12856
12857
12859
12861
12862
12864
12865
12866
12868
12869
12870
12872
12873
12875
12877
12879
12880
12882
12883
12884
12885
12886
12887
12888
12889
12890
12891
12892
12895
12897
12898
12900
12901
12903
12904
12905
12906
12907
12909
12911
12912
12913
12914
12915
12916
12917
12918
12919
12920
12921
12922
12923
12924
12925
12926
12927
12928
12929
12930
12931
12932
12933
12934
12935
12936
12938
12945
12952
12956
12958
12959
12961
12964
12969
12971
12974
12975
12976
12978
12980
12985
12988
12992
12993
12994
12995
12996
12997
12998
12999
13000
13001
13002
13004
13005
13006
13007
13008
13009
13010
13011
13012
13013
13014
13015
13016
13017
13018
13019
13020
13021
13022
13023
13024
13025
13026
13027
13028
13029
13030
13031
13032
13033
13035
13036
13038
13039
13040
13041
13042
13044
13045
13048
13050
13051
13052
13053
13055
13056
13057
13058
13059
13060
13061
13062
13063
13064
13065
13066
13067
13068
13069
13070
13071
13072
13073
13074
13075
13076
13077
13079
13080
13081
13082
13083
13085
13087
13088
13090
13091
13092
13094
13095
13096
13097
13099
13102
13104
13107
13108
13109
13110
13111
13112
13113
13115
13117
13119
13121
13123
13125
13132
13134
13135
13136
13137
13138
13139
13140
13141
13143
13144
13145
13146
13149
13150
13151
13152
13155
13156
13157
13158
13161
13162
13163
13164
13166
13167
13168
13169
13170
13171
13172
13173
13174
13175
13176
13177
13179
13180
13182
13183
13184
13185
13186
13187
13188
13189
13191
13192
13193
13194
13197
13198
13199
13200
13203
13206
13210
13211
13212
13213
13215
13216
13217
13218
13219
13220
13221
13222
13223
13224
13225
13226
13228
13229
13230
13232
13241
13242
13243
13245
13246
13247
13248
13249
13250
13251
13252
13253
13254
13255
13260
13262
13263
13264
13265
13266
13267
13272
13274
13275
13276
13280
13283
13284
13285
13286
13287
13288
13289
13290
13291
13292
13293
13298
13300
13301
13302
13303
13304
13309
13311
13312
13313
13314
13315
13316
13317
13322
13324
13325
13326
13331
13333
13334
13335
13340
13342
13343
13344
13349
13351
13352
13353
13357
13360
13361
13362
13363
13364
13368
13371
13372
13373
13374
13375
13376
13377
13382
13384
13385
13386
13387
13388
13393
13395
13396
13397
13398
13399
13404
13406
13407
13408
13413
13415
13416
13417
13422
13424
13425
13426
13427
13428
13432
13435
13436
13437
13441
13444
13445
13446
13447
13448
13452
13455
13456
13457
13458
13459
13464
13466
13467
13468
13469
13470
13474
13477
13478
13479
13480
13481
13482
13483
13488
13491
13492
13495
13497
13498
13499
13500
13501
13502
13504
13506
13507
13508
13509
13510
13515
13516
13517
13519
13521
13523
13524
13526
13527
13528
13529
13530
13531
13532
13534
13536
13539
13540
13542
13543
13544
13547
13548
13549
13553
13555
13556
13564
13565
13566
13568
13569
13571
13573
13574
13575
13576
13577
13578
13579
13582
13583
13584
13585
13586
13587
13589
13591
13593
13606
13608
13609
13615
13618
13619
13620
13621
13622
13624
13626
13630
13633
13634
13636
13638
13639
13640
13641
13642
13644
13645
13648
13653
13655
13657
13658
13661
13662
13663
13664
13665
13666
13667
13668
13669
13670
13671
13674
13675
13676
13677
13678
13679
13681
13683
13691
13692
13693
13694
13696
13698
13712
13716
13718
13719
13721
13722
13723
13724
13727
13732
13734
13736
13740
13744
13746
13748
13749
13750
13751
13752
13755
13760
13762
13764
13766
13770
13779
13780
13790
13793
13795
13796
13797
13798
13799
13800
13801
13802
13803
13804
13805
13809
13812
13813
13814
13815
13816
13817
13818
13819
13821
13822
13826
13829
13830
13831
13832
13833
13834
13835
13839
13841
13843
13844
13845
13846
13847
13848
13849
13850
13851
13852
13854
13858
13876
13878
13879
13881
13882
13883
13884
13888
13891
13892
13893
13894
13895
13896
13897
13901
13904
13905
13906
13910
13913
13931
13933
13935
13936
13937
13938
13939
13940
13943
13944
13946
13947
13948
13949
13964
13966
13968
13969
13971
13972
13973
13974
13978
13981
13999
14002
14006
14009
14017
14018
14019
14020
14031
14033
14035
14036
14037
14038
14039
14040
14041
14042
14043
14044
14045
14046
14047
14048
14049
14050
14051
14053
14055
14056
14059
14062
14064
14065
14066
14067
14068
14069
14070
14071
14072
14073
14075
14077
14078
14080
14081
14082
14083
14084
14085
14086
14087
14088
14089
14090
14091
14092
14093
14094
14095
14096
14097
14098
14099
14100
14101
14102
14103
14105
14106
14107
14108
14109
14111
14112
14114
14115
14116
14117
14118
14119
14120
14122
14123
14125
14126
14128
14130
14131
14132
14133
14134
14136
14138
14139
14142
14143
14146
14147
14148
14149
14150
14153
14154
14155
14158
14159
14160
14161
14162
14163
14164
14165
14166
14168
14170
14171
14173
14174
14177
14178
14181
14182
14183
14185
14188
14189
14191
14192
14193
14194
14195
14196
14198
14199
14201
14202
14203
14204
14206
14208
14209
14210
14212
14213
14214
14215
14216
14217
14219
14220
14222
14223
14224
14225
14226
14227
14229
14230
14231
14233
14235
14236
14237
14238
14254
14255
14256
14257
14260
14261
14262
14263
14272
14273
14274
14275
14277
14279
14280
14281
14282
14285
14286
14287
14288
14291
14292
14293
14294
14295
14304
14305
14306
14307
14308
14309
14310
14311
14312
14313
14314
14315
14316
14318
14320
14321
14322
14323
14324
14325
14326
14327
14328
14329
14330
14331
14333
14334
14335
14337
14339
14340
14341
14342
14352
14353
14354
14355
14358
14359
14360
14361
14363
14365
14366
14367
14369
14371
14372
14374
14375
14384
14385
14386
14387
14390
14391
14393
14394
14395
14397
14400
14401
14402
14403
14404
14405
14406
14407
14409
14411
14412
14413
14414
14415
14416
14417
14418
14419
14420
14422
14424
14425
14427
14428
14429
14430
14434
14437
14438
14441
14442
14444
14445
14446
14447
14449
14451
14452
14454
14455
14456
14457
14461
14464
14465
14468
14469
14471
14472
14473
14475
14476
14477
14479
14480
14482
14483
14485
14486
14488
14489
14491
14492
14501
14502
14503
14505
14506
14507
14508
14509
14510
14511
14512
14513
14514
14515
14516
14519
14520
14521
14522
14523
14524
14525
14526
14527
14528
14529
14530
14531
14532
14533
14534
14536
14537
14539
14540
14549
14550
14552
14553
14555
14556
14558
14559
14561
14562
14564
14565
14566
14569
14570
14572
14573
14579
14580
14581
14582
14583
14584
14587
14589
14590
14591
14592
14593
14596
14597
14599
14600
14605
14607
14608
14609
14610
14611
14615
14616
14617
14618
14619
14620
14621
14622
14623
14625
14627
14628
14630
14631
14632
14633
14634
14635
14637
14639
14640
14641
14642
14643
14644
14645
14646
14648
14649
14651
14652
14654
14655
14656
14657
14658
14660
14661
14663
14664
14665
14666
14667
14668
14670
14671
14672
14673
14674
14675
14676
14678
14679
14682
14684
14685
14686
14687
14689
14691
14692
14693
14694
14695
14696
14697
14698
14699
14701
14702
14703
14705
14706
14707
14709
14710
14712
14713
14716
14718
14721
14722
14723
14724
14725
14726
14727
14728
14729
14730
14731
14733
14737
14738
14741
14742
14743
14744
14745
14746
14748
14750
14751
14752
14753
14754
14755
14757
14758
14761
14762
14765
14766
14767
14768
14769
14770
14771
14772
14775
14776
14777
14778
14779
14783
14785
14786
14787
14788
14790
14791
14792
14794
14795
14796
14797
14798
14800
14801
14803
14806
14807
14808
14809
14810
14811
14813
14814
14817
14818
14819
14823
14825
14826
14827
14828
14831
14832
14834
14836
14837
14838
14839
14840
14841
14842
14844
14846
14849
14850
14851
14853
14855
14856
14857
14858
14859
14861
14862
14865
14878
14880
14881
14883
14884
14885
14886
14892
14894
14896
14897
14901
14903
14906
14908
14910
14911
14912
14913
14914
14916
14922
14923
14925
14927
14928
14929
14930
14931
14933
14934
14936
14937
14938
14939
14948
14949
14951
14956
14958
14963
14968
14969
14970
14971
14972
14974
14975
14979
14984
14986
14987
14991
14996
14997
14998
14999
15000
15002
15004
15007
15012
15014
15015
15018
15020
15031
15032
15034
15037
15040
15041
15042
15044
15045
15046
15047
15048
15049
15058
15061
15071
15072
15075
15077
15087
15088
15089
15090
15091
15092
15093
15094
15098
15100
15102
15103
15104
15106
15107
15108
15109
15110
15111
15115
15117
15119
15120
15121
15122
15123
15124
15128
15130
15132
15133
15134
15135
15137
15140
15152
15154
15165
15168
15180
15182
15184
15192
15193
15194
15195
15199
15201
15203
15204
15205
15206
15207
15208
15212
15215
15216
15217
15221
15223
15235
15237
15246
15247
15248
15249
15252
15253
15262
15264
15266
15267
15276
15277
15280
15281
15283
15284
15285
15286
15294
15296
15298
15300
15308
15309
15310
15311
15315
15317
15329
15332
15343
15345
15354
15355
15356
15357
15361
15363
15372
15373
15374
15375
15376
15377
15378
15379
15380
15381
15382
15386
15389
15390
15391
15392
15394
15395
15396
15398
15400
15403
15404
15405
15406
15407
15408
15409
15410
15411
15412
15413
15414
15415
15416
15418
15420
15421
15425
15428
15429
15430
15431
15432
15433
15434
15436
15438
15440
15441
15442
15443
15444
15445
15446
15447
15448
15449
15450
15451
15452
15453
15454
15455
15456
15457
15458
15459
15460
15461
15462
15463
15464
15465
15466
15467
15470
15471
15472
15474
15475
15476
15477
15479
15480
15481
15483
15486
15489
15491
15492
15493
15495
15496
15497
15498
15499
15502
15503
15506
15512
15514
15515
15516
15517
15519
15520
15522
15523
15525
15526
15528
15529
15530
15531
15532
15533
15534
15535
15536
15537
15538
15540
15541
15542
15544
15545
15546
15547
15548
15549
15550
15551
15552
15553
15554
15555
15556
15558
15562
15565
15566
15568
15569
15571
15572
15574
15575
15576
15577
15578
15579
15580
15581
15582
15583
15584
15585
15586
15587
15596
15597
15598
15600
15602
15603
15605
15606
15607
15608
15609
15610
15611
15612
15613
15614
15615
15616
15617
15618
15619
15620
15621
15622
15623
15624
15628
15631
15635
15638
15639
15640
15641
15642
15643
15644
15645
15646
15647
15648
15649
15655
15656
15657
15658
15659
15660
15666
15667
15668
15669
15675
15676
15677
15678
15679
15680
15681
15682
15683
15687
15690
15694
15697
15698
15699
15700
15701
15702
15703
15709
15710
15711
15712
15718
15719
15720
15721
15722
15723
15724
15725
15726
15727
15733
15734
15740
15741
15742
15743
15744
15745
15746
15747
15748
15749
15753
15756
15760
15763
15764
15765
15766
15767
15768
15769
15775
15776
15782
15783
15784
15785
15786
15787
15788
15789
15790
15791
15795
15798
15799
15800
15806
15807
15808
15809
15810
15811
15812
15813
15814
15815
15816
15817
15818
15819
15820
15821
15822
15823
15824
15825
15826
15827
15828
15829
15830
15831
15832
15833
15834
15835
15836
15837
15838
15839
15840
15841
15842
15843
15844
15845
15846
15847
15848
15849
15850
15851
15852
15855
15857
15858
15859
15860
15862
15863
15864
15865
15866
15867
15868
15869
15870
15871
15880
15884
15886
15887
15888
15890
15893
15899
15901
15914
15918
15921
15924
15925
15926
15927
15931
15932
15935
15936
15937
15941
15942
15945
15948
15950
15951
15953
15955
15956
15972
15974
15978
15979
15981
15982
15983
15984
15985
15986
15987
15988
15989
15990
15991
15992
15993
15994
15995
15996
15997
15998
15999
16000
16002
16003
16005
16006
16007
16008
16011
16013
16014
16015
16016
16017
16019
16020
16021
16022
16027
16030
16032
16038
16041
16043
16044
16045
16046
16047
16048
16049
16050
16051
16052
16053
16054
16055
16056
16057
16058
16059
16060
16061
16062
16063
16064
16065
16066
16067
16070
16071
16073
16074
16076
16077
16079
16081
16082
16084
16085
16086
16087
16088
16090
16092
16093
16094
16095
16096
16097
16098
16099
16100
16101
16102
16103
16104
16105
16106
16107
16108
16109
16110
16111
16112
16113
16114
16116
16119
16120
16121
16122
16123
16127
16128
16130
16132
16134
16137
16139
16142
16144
16151
16153
16155
16165
16172
16173
16174
16177
16194
16195
16196
16207
16208
16210
16213
16214
16215
16216
16217
16218
16219
16220
16221
16222
16223
16224
16225
16228
16230
16231
16232
16233
16235
16236
16238
16239
16242
16244
16245
16246
16247
16248
16249
16250
16251
16253
16254
16256
16257
16259
16260
16261
16262
16263
16270
16273
16274
16275
16276
16277
16278
16279
16280
16283
16284
16285
16287
16288
16289
16290
16293
16295
16296
16299
16301
16302
16303
16304
16305
16306
16307
16311
16312
16313
16315
16316
16317
16318
16319
16320
16321
16322
16324
16325
16326
16327
16330
16331
16332
16333
16334
16335
16336
16337
16339
16341
16343
16344
16346
16347
16350
16351
16353
16355
16357
16358
16360
16361
16362
16366
16369
16370
16373
16374
16376
16377
16378
16380
16382
16383
16386
16387
16388
16392
16395
16396
16399
16400
16402
16403
16404
16405
16406
16407
16408
16409
16411
16414
16415
16416
16418
16421
16422
16423
16424
16428
16429
16430
16432
16433
16434
16435
16436
16437
16439
16441
16442
16444
16445
16446
16447
16449
16450
16451
16453
16455
16457
16458
16460
16462
16463
16465
16466
16469
16470
16472
16473
16475
16477
16478
16479
16480
16481
16483
16484
16485
16486
16487
16489
16491
16492
16493
16494
16495
16497
16498
16499
16502
16503
16505
16506
16509
16510
16512
16513
16514
16517
16519
16520
16523
16524
16526
16527
16530
16532
16533
16534
16535
16539
16540
16541
16542
16543
16545
16547
16548
16550
16551
16552
16553
16555
16557
16558
16560
16561
16562
16563
16564
16565
16566
16568
16571
16572
16574
16575
16576
16579
16581
16582
16585
16586
16587
16589
16595
16596
16597
16598
16599
16602
16604
16605
16606
16607
16610
16612
16613
16614
16619
16622
16623
16624
16625
16629
16630
16631
16632
16633
16635
16637
16638
16640
16642
16643
16644
16645
16646
16647
16648
16649
16650
16652
16653
16655
16656
16657
16658
16659
16660
16661
16664
16665
16667
16668
16670
16672
16673
16674
16677
16679
16680
16682
16684
16685
16686
16687
16688
16689
16691
16692
16693
16694
16696
16697
16699
16702
16703
16705
16706
16709
16710
16712
16713
16714
16717
16719
16720
16722
16723
16724
16725
16726
16727
16728
16730
16731
16732
16733
16734
16735
16736
16738
16739
16740
16741
16743
16746
16747
16748
16749
16750
16751
16752
16754
16756
16757
16759
16760
16761
16762
16763
16764
16765
16766
16767
16768
16769
16770
16771
16772
16773
16774
16775
16776
16777
16778
16779
16780
16781
16782
16783
16784
16788
16791
16792
16793
16794
16795
16800
16802
16803
16804
16809
16811
16812
16813
16814
16815
16816
16821
16823
16824
16825
16826
16827
16828
16831
16832
16833
16834
16835
16836
16837
16838
16839
16840
16841
16842
16843
16844
16845
16846
16847
16848
16849
16850
16851
16852
16853
16854
16855
16856
16857
16858
16859
16860
16861
16862
16863
16864
16865
16866
16868
16870
16871
16874
16876
16877
16878
16879
16882
16883
16884
16887
16888
16889
16890
16893
16906
16920
16921
16922
16924
16953
16954
16955
16959
16962
16963
16964
16965
16966
16967
16968
16969
16970
16971
16972
16977
16981
16985
16987
16994
16996
16999
17000
17001
17002
17003
17005
17007
17008
17010
17011
17013
17015
17016
17017
17018
17019
17020
17022
17024
17025
17026
17027
17028
17029
17030
17031
17032
17033
17034
17035
17036
17037
17038
17039
17040
17041
17043
17045
17047
17048
17050
17051
17052
17058
17062
17063
17064
17065
17066
17069
17071
17072
17073
17074
17076
17078
17079
17080
17083
17085
17086
17087
17088
17089
17090
17091
17092
17093
17094
17095
17096
17097
17098
17099
17100
17101
17102
17103
17104
17105
17106
17107
17110
17111
17113
17114
17115
17116
17118
17119
17120
17121
17122
17123
17124
17125
17126
17127
17128
17129
17130
17131
17132
17133
17134
17135
17136
17139
17140
17142
17144
17147
17148
17149
17150
17152
17169
17171
17174
17183
17185
17188
17190
17195
17196
17197
17198
17208
17209
17212
17219
17228
17230
17233
17234
17235
17236
17237
17247
17248
17251
17252
17253
17254
17255
17257
17258
17259
17261
17265
17266
17269
17272
17274
17275
17277
17283
17284
17285
17286
17287
17288
17289
17290
17291
17293
17294
17296
17297
17298
17299
17300
17304
17305
17306
17307
17308
17309
17310
17311
17312
17313
17314
17315
17316
17317
17318
17319
17320
17321
17322
17323
17324
17325
17326
17327
17328
17329
17330
17331
17332
17333
17334
17335
17336
17337
17338
17339
17340
17341
17342
17343
17344
17345
17346
17347
17348
17349
17350
17351
17352
17353
17354
17355
17356
17357
17358
17360
17361
17366
17371
17373
17379
17380
17381
17382
17383
17384
17385
17391
17392
17397
17399
17400
17401
17406
17408
17414
17415
17416
17417
17418
17419
17420
17426
17427
17433
17434
17435
17436
17437
17440
17443
17445
17446
17449
17451
17454
17455
17458
17461
17463
17466
17467
17468
17470
17474
17478
17480
17481
17483
17484
17485
17486
17489
17494
17496
17497
17503
17510
17516
17521
17522
17523
17524
17525
17526
17527
17528
17529
17530
17532
17534
17535
17536
17537
17539
17540
17541
17542
17543
17545
17546
17548
17549
17550
17551
17554
17555
17558
17559
17561
17562
17563
17564
17565
17566
17567
17569
17571
17572
17573
17575
17576
17577
17578
17580
17581
17585
17586
17587
17588
17589
17590
17591
17593
17594
17595
17596
17597
17598
17599
17600
17601
17602
17603
17604
17605
17606
17607
17608
17609
17610
17611
17612
17613
17614
17615
17616
17617
17618
17619
17620
17621
17622
17624
17625
17626
17627
17629
17630
17631
17632
17641
17648
17650
17651
17664
17678
17684
17689
17690
17693
17694
17696
17697
17698
17699
17700
17701
17702
17703
17704
17705
17706
17707
17708
17709
17710
17711
17712
17713
17715
17717
17718
17720
17721
17723
17726
17731
17732
17734
17738
17739
17741
17744
17745
17748
17752
17754
17759
17761
17767
17772
17773
17774
17780
17787
17806
17808
17809
17810
17811
17814
17815
17816
17817
17818
17819
17820
17822
17824
17825
17827
17828
17829
17830
17831
17832
17833
17837
17838
17839
17840
17841
17844
17845
17846
17850
17851
17852
17853
17862
17866
17868
17869
17871
17872
17873
17874
17875
17876
17877
17879
17880
17881
17882
17885
17888
17898
17904
17905
17907
17908
17909
17910
17911
17912
17913
17915
17916
17917
17919
17920
17921
17922
17924
17925
17926
17927
17929
17930
17931
17932
17933
17934
17935
17936
17937
17943
17944
17946
17948
17950
17951
17952
17953
17954
17958
17959
17961
17962
17963
17968
17970
17972
17974
17975
17977
17978
17979
17980
17983
17984
17986
17987
17989
17990
17991
17992
17995
17996
17997
17998
18000
18002
18003
18005
18006
18007
18008
18009
18011
18012
18015
18016
18018
18020
18022
18023
18025
18028
18029
18030
18031
18034
18035
18036
18040
18041
18042
18043
18044
18045
18048
18049
18050
18052
18053
18054
18055
18056
18057
18058
18059
18061
18063
18064
18066
18069
18070
18072
18073
18074
18077
18078
18080
18082
18083
18084
18085
18086
18087
18090
18091
18093
18094
18095
18096
18098
18099
18100
18101
18102
18103
18106
18107
18109
18110
18111
18112
18113
18116
18118
18119
18120
18121
18122
18123
18124
18125
18126
18127
18128
18129
18130
18131
18133
18135
18136
18138
18139
18142
18143
18145
18147
18148
18150
18152
18154
18155
18157
18158
18160
18162
18166
18170
18171
18172
18175
18176
18178
18179
18180
18181
18182
18185
18187
18188
18190
18191
18192
18193
18194
18197
18198
18199
18200
18203
18205
18206
18207
18208
18209
18210
18212
18213
18214
18218
18219
18220
18221
18222
18224
18225
18227
18228
18230
18231
18232
18233
18234
18237
18238
18240
18241
18244
18245
18247
18248
18249
18252
18254
18255
18258
18260
18261
18262
18264
18265
18266
18267
18268
18269
18270
18271
18273
18274
18275
18276
18277
18278
18279
18282
18283
18285
18286
18287
18288
18289
18291
18294
18295
18296
18298
18301
18302
18303
18304
18308
18309
18310
18312
18314
18315
18317
18319
18320
18322
18323
18325
18326
18328
18329
18330
18331
18332
18333
18334
18335
18336
18337
18338
18339
18340
18341
18342
18343
18344
18345
18346
18347
18348
18349
18350
18351
18352
18355
18357
18361
18367
18368
18369
18370
18371
18376
18378
18379
18380
18381
18382
18383
18385
18386
18387
18388
18389
18394
18397
18398
18399
18400
18401
18404
18407
18423
18424
18426
18427
18428
18429
18430
18431
18432
18433
18434
18435
18436
18437
18438
18439
18440
18441
18442
18443
18444
18445
18446
18447
18448
18449
18450
18451
18452
18453
18454
18455
18456
18457
18458
18459
18460
18461
18472
18478
18483
18484
18485
18486
18488
18489
18490
18491
18493
18494
18495
18496
18497
18498
18499
18500
18501
18503
18504
18505
18507
18508
18509
18510
18511
18514
18520
18521
18522
18529
18535
18537
18540
18541
18542
18543
18544
18545
18546
18547
18548
18549
18550
18551
18554
18557
18559
18560
18561
18562
18563
18564
18565
18566
18567
18568
18569
18572
18574
18579
18580
18581
18586
18587
18588
18593
18595
18599
18600
18602
18608
18612
18613
18614
18615
18617
18618
18619
18620
18621
18622
18623
18625
18626
18627
18628
18629
18632
18633
18635
18636
18637
18640
18641
18642
18645
18646
18648
18649
18650
18651
18652
18653
18654
18655
18656
18657
18658
18659
18660
18661
18662
18663
18664
18665
18666
18667
18668
18669
18670
18671
18672
18673
18674
18675
18676
18680
18683
18684
18685
18686
18690
18693
18694
18695
18699
18702
18703
18704
18708
18714
18717
18718
18719
18723
18724
18725
18726
18727
18728
18732
18734
18736
18739
18741
18742
18743
18744
18745
18746
18748
18749
18754
18755
18756
18759
18760
18761
18762
18764
18765
18767
18769
18770
18772
18774
18776
18778
18783
18790
18791
18797
18804
18806
18809
18810
18813
18816
18820
18823
18825
18826
18827
18829
18831
18834
18837
18839
18840
18841
18843
18844
18845
18846
18847
18849
18855
18856
18857
18859
18867
18868
18869
18870
18871
18872
18873
18874
18875
18876
18877
18879
18880
18881
18883
18885
18888
18889
18890
18891
18894
18896
18897
18898
18899
18901
18902
18903
18904
18906
18908
18909
18910
18912
18913
18915
18916
18917
18918
18919
18920
18921
18922
18923
18924
18925
18926
18927
18928
18929
18930
18931
18932
18933
18934
18935
18936
18937
18938
18940
18941
18942
18943
18944
18945
18946
18947
18948
18949
18950
18951
18952
18953
18956
18959
18961
18962
18966
18969
18970
18971
18973
18976
18979
18980
18981
18982
18983
18984
18987
18992
18993
18997
19000
19001
19002
19003
19004
19006
19012
19013
19014
19015
19016
19018
19019
19020
19021
19022
19023
19024
19025
19026
19027
19028
19029
19032
19035
19037
19038
19042
19045
19046
19047
19048
19049
19051
19054
19057
19058
19059
19060
19061
19062
19065
19068
19070
19071
19075
19078
19079
19080
19081
19082
19084
19087
19090
19091
19092
19093
19094
19096
19098
19099
19101
19102
19104
19105
19106
19107
19108
19109
19111
19112
19113
19114
19115
19116
19117
19118
19119
19120
19121
19122
19123
19124
19125
19126
19127
19128
19129
19130
19131
19132
19133
19134
19135
19136
19137
19138
19141
19161
19162
19163
19175
19176
19177
19184
19190
19198
19203
19212
19216
19217
19218
19219
19220
19221
19222
19223
19224
19226
19227
19228
19229
19230
19231
19232
19235
19237
19238
19239
19240
19241
19242
19243
19244
19245
19246
19247
19248
19249
19250
19251
19252
19253
19254
19255
19256
19258
19259
19260
19261
19262
19263
19265
19266
19267
19268
19269
19270
19271
19272
19273
19274
19275
19276
19277
19280
19295
19300
19309
19315
19335
19337
19340
19342
19351
19355
19361
19362
19364
19365
19367
19368
19369
19373
19376
19378
19380
19381
19382
19383
19389
19390
19391
19392
19394
19395
19396
19397
19402
19403
19405
19407
19408
19409
19410
19411
19414
19417
19419
19420
19421
19422
19423
19424
19425
19428
19429
19432
19434
19435
19436
19438
19439
19440
19441
19444
19445
19448
19449
19450
19451
19452
19453
19454
19456
19457
19460
19462
19463
19464
19465
19466
19467
19468
19469
19470
19471
19472
19473
19474
19475
19476
19477
19478
19479
19480
19482
19483
19484
19485
19486
19488
19490
19491
19492
19493
19494
19495
19496
19497
19498
19499
19500
19501
19503
19504
19505
19507
19509
19510
19511
19513
19514
19515
19516
19517
19520
19521
19523
19525
19527
19528
19530
19531
19533
19534
19536
19537
19539
19541
19542
19543
19544
19545
19547
19548
19551
19553
19554
19555
19556
19557
19558
19559
19560
19561
19562
19565
19566
19568
19570
19571
19572
19573
19574
19576
19577
19579
19582
19583
19584
19585
19586
19587
19588
19589
19590
19591
19593
19595
19597
19598
19599
19600
19601
19602
19603
19604
19605
19606
19607
19608
19609
19610
19611
19612
19613
19614
19615
19616
19617
19619
19621
19622
19623
19624
19625
19626
19628
19629
19630
19631
19641
19642
19643
19644
19653
19654
19655
19656
19665
19666
19667
19669
19671
19672
19673
19674
19675
19678
19679
19680
19682
19684
19685
19686
19687
19688
19698
19699
19700
19702
19703
19704
19706
19707
19709
19710
19712
19713
19715
19716
19719
19721
19722
19723
19724
19725
19727
19730
19731
19732
19733
19734
19735
19736
19740
19741
19742
19743
19744
19745
19750
19752
19754
19756
19757
19759
19760
19761
19762
19763
19766
19767
19770
19771
19772
19773
19776
19777
19779
19780
19789
19790
19791
19793
19794
19796
19797
19798
19800
19802
19803
19804
19805
19808
19809
19811
19812
19821
19822
19824
19825
19827
19828
19829
19831
19832
19833
19834
19835
19836
19837
19838
19841
19842
19843
19844
19845
19846
19847
19848
19850
19851
19852
19853
19854
19855
19856
19858
19859
19860
19862
19878
19879
19880
19881
19890
19891
19892
19893
19895
19896
19897
19899
19901
19902
19903
19904
19906
19908
19909
19910
19912
19921
19922
19923
19924
19925
19928
19929
19931
19932
19933
19937
19940
19941
19942
19943
19946
19947
19949
19950
19951
19952
19953
19954
19957
19959
19960
19963
19964
19966
19967
19968
19970
19971
19973
19974
19975
19978
19980
19981
19983
19984
19986
19987
19989
19991
19992
19993
19994
19995
19998
20000
20001
20002
20004
20013
20014
20015
20017
20019
20020
20021
20022
20024
20026
20027
20028
20030
20032
20033
20034
20036
20045
20046
20048
20049
20051
20052
20054
20055
20057
20058
20060
20061
20062
20064
20065
20068
20069
20072
20074
20075
20076
20077
20078
20079
20080
20081
20082
20083
20084
20085
20086
20087
20089
20093
20094
20096
20097
20098
20099
20100
20101
20102
20103
20104
20105
20108
20109
20112
20114
20117
20118
20120
20122
20123
20125
20127
20128
20130
20131
20132
20133
20134
20135
20136
20138
20140
20141
20142
20144
20145
20147
20148
20150
20152
20154
20155
20156
20157
20158
20159
20160
20161
20162
20163
20164
20165
20166
20167
20168
20169
20170
20171
20172
20173
20174
20175
20176
20177
20178
20179
20180
20181
20183
20185
20186
20188
20190
20191
20192
20193
20194
20195
20196
20198
20199
20200
20201
20202
20203
20204
20205
20206
20207
20208
20209
20210
20211
20212
20214
20215
20216
20217
20218
20219
20222
20224
20225
20226
20228
20242
20243
20244
20256
20257
20258
20271
20277
20286
20291
20299
20304
20305
20306
20307
20308
20309
20310
20311
20313
20314
20315
20316
20317
20318
20319
20320
20322
20324
20325
20328
20329
20331
20332
20333
20334
20335
20336
20339
20340
20341
20342
20343
20344
20345
20346
20347
20348
20349
20350
20351
20352
20353
20354
20355
20356
20357
20362
20364
20365
20368
20369
20370
20371
20373
20375
20376
20381
20383
20384
20385
20390
20392
20393
20394
20395
20396
20397
20398
20399
20400
20406
20407
20408
20410
20419
20431
20439
20445
20459
20461
20464
20473
20481
20486
20487
20488
20489
20490
20491
20492
20493
20494
20498
20501
20502
20503
20504
20506
20507
20508
20509
20510
20511
20512
20515
20516
20519
20521
20522
20523
20524
20527
20528
20531
20532
20533
20534
20535
20536
20537
20538
20539
20541
20542
20545
20547
20548
20550
20551
20552
20553
20554
20555
20556
20557
20558
20559
20560
20561
20562
20563
20564
20565
20566
20567
20568
20569
20570
20571
20572
20576
20578
20583
20584
20587
20588
20590
20593
20596
20597
20598
20599
20600
20601
20602
20603
20607
20614
20617
20618
20619
20621
20627
20628
20629
20630
20631
20632
20633
20634
20635
20636
20637
20638
20639
20640
20641
20645
20646
20652
20653
20656
20657
20659
20662
20665
20666
20667
20668
20669
20670
20671
20672
20673
20674
20678
20681
20685
20688
20689
20690
20692
20696
20698
20699
20700
20701
20702
20703
20704
20705
20706
20707
20708
20709
20710
20711
20712
20713
20714
20715
20716
20717
20718
20719
20720
20721
20722
20723
20724
20725
20726
20727
20728
20729
20730
20731
20732
20733
20734
20735
20736
20738
20739
20740
20741
20742
20743
20745
20749
20751
20752
20754
20757
20763
20765
20769
20771
20775
20778
20781
20782
20783
20784
20789
20790
20793
20795
20797
20799
20800
20801
20802
20804
20805
20807
20808
20810
20813
20820
20822
20824
20826
20827
20828
20829
20830
20831
20833
20834
20835
20836
20837
20838
20839
20840
20841
20842
20843
20844
20845
20847
20848
20850
20851
20852
20853
20854
20855
20857
20858
20860
20861
20862
20863
20867
20870
20871
20874
20876
20877
20878
20879
20880
20881
20882
20883
20885
20887
20888
20890
20891
20893
20894
20895
20897
20898
20899
20900
20901
20903
20905
20906
20907
20908
20909
20910
20911
20912
20913
20914
20915
20916
20917
20918
20919
20920
20921
20922
20923
20924
20925
20926
20927
20928
20929
20930
20931
20934
20935
20937
20938
20939
20940
20941
20944
20946
20950
20957
20959
20962
20964
20969
20973
20976
20979
20983
20985
21006
21013
21014
21016
21017
21025
21026
21027
21028
21029
21030
21031
21032
21033
21034
21035
21036
21037
21038
21040
21042
21043
21044
21045
21047
21048
21050
21051
21054
21056
21057
21058
21059
21060
21062
21063
21066
21068
21069
21073
21076
21077
21079
21080
21081
21082
21083
21084
21085
21086
21087
21088
21089
21090
21091
21092
21093
21094
21095
21096
21097
21098
21102
21105
21106
21107
21113
21114
21115
21116
21117
21118
21124
21125
21126
21127
21128
21134
21135
21136
21137
21138
21139
21140
21141
21142
21143
21144
21145
21146
21147
21148
21149
21150
21152
21154
21155
21156
21157
21158
21159
21160
21161
21162
21163
21164
21165
21166
21167
21168
21169
21170
21171
21172
21173
21174
21175
21176
21177
21178
21179
21180
21181
21182
21183
21184
21185
21186
21187
21188
21189
21190
21191
21193
21195
21196
21197
21198
21199
21200
21201
21202
21203
21212
21213
21214
21215
21226
21228
21231
21232
21233
21234
21238
21241
21242
21243
21244
21245
21246
21247
21248
21249
21250
21251
21252
21257
21261
21265
21267
21269
21272
21274
21276
21278
21280
21281
21282
21283
21284
21285
21286
21287
21288
21291
21292
21294
21295
21296
21297
21298
21299
21300
21301
21302
21303
21304
21305
21306
21307
21309
21311
21312
21314
21315
21316
21318
21319
21322
21325
21326
21327
21328
21329
21331
21334
21335
21336
21338
21341
21342
21345
21347
21348
21349
21350
21351
21352
21353
21354
21355
21356
21357
21358
21359
21360
21361
21363
21365
21366
21367
21368
21369
21370
21371
21372
21373
21374
21375
21376
21377
21378
21379
21380
21381
21382
21383
21384
21385
21386
21388
21391
21392
21393
21394
21395
21397
21398
21399
21400
21401
21402
21403
21405
21407
21410
21412
21413
21415
21416
21419
21422
21424
21425
21426
21427
21428
21429
21430
21431
21432
21433
21434
21436
21437
21439
21441
21442
21444
21445
21448
21451
21453
21454
21455
21456
21457
21460
21462
21463
21464
21465
21466
21468
21469
21473
21475
21476
21477
21478
21479
21480
21481
21482
21483
21484
21485
21486
21487
21488
21489
21490
21491
21492
21493
21494
21495
21496
21498
21499
21500
21501
21503
21504
21505
21506
21508
21509
21510
21511
21512
21514
21515
21516
21517
21519
21521
21522
21524
21525
21526
21527
21530
21531
21533
21535
21537
21538
21540
21541
21542
21543
21544
21547
21548
21550
21551
21552
21553
21554
21555
21556
21557
21558
21559
21561
21562
21563
21564
21565
21566
21567
21568
21569
21570
21571
21572
21573
21574
21575
21576
21577
21578
21579
21580
21581
21582
21583
21584
21585
21586
21587
21588
21589
21590
21591
21592
21593
21594
21595
21596
21597
21598
21599
21600
21602
21604
21605
21607
21609
21610
21611
21612
21614
21615
21618
21619
21620
21621
21624
21628
21630
21637
21638
21639
21642
21650
21651
21652
21653
21655
21656
21657
21658
21659
21660
21661
21662
21663
21664
21665
21666
21667
21668
21671
21672
21673
21674
21677
21681
21683
21688
21690
21692
21695
21699
21701
21706
21709
21710
21711
21712
21713
21714
21715
21716
21717
21718
21719
21720
21723
21724
21726
21727
21728
21729
21731
21733
21734
21735
21736
21737
21738
21739
21740
21741
21742
21743
21744
21745
21747
21749
21751
21752
21754
21756
21757
21758
21762
21763
21766
21767
21768
21769
21770
21772
21773
21775
21776
21777
21778
21780
21782
21783
21784
21787
21789
21790
21791
21792
21793
21794
21795
21796
21797
21798
21799
21800
21801
21802
21803
21804
21805
21806
21807
21808
21810
21811
21812
21813
21814
21815
21816
21817
21818
21819
21820
21821
21822
21823
21824
21825
21826
21827
21828
21829
21830
21831
21832
21833
21834
21835
21836
21840
21841
21843
21849
21850
21851
21852
21853
21854
21856
21859
21866
21873
21878
21880
21885
21886
21887
21891
21894
21896
21901
21902
21903
21904
21905
21910
21913
21914
21915
21916
21917
21918
21919
21920
21921
21923
21924
21925
21926
21930
21931
21934
21937
21939
21940
21941
21942
21943
21944
21946
21947
21949
21950
21951
21952
21953
21954
21958
21959
21960
21961
21962
21963
21965
21966
21967
21968
21969
21970
21971
21972
21973
21974
21975
21976
21977
21978
21979
21980
21981
21982
21983
21984
21985
21986
21987
21988
21989
21990
21991
21992
21993
21994
21995
21996
21997
21998
21999
22000
22001
22002
22003
22004
22005
22006
22007
22008
22009
22010
22011
22012
22013
22014
22015
22016
22017
22020
22026
22032
22037
22039
22045
22046
22047
22048
22049
22050
22056
22057
22062
22064
22065
22066
22071
22073
22079
22080
22081
22082
22083
22084
22090
22091
22097
22098
22099
22101
22104
22107
22108
22110
22111
22114
22116
22117
22120
22122
22125
22126
22129
22131
22132
22134
22137
22138
22139
22141
22142
22143
22145
22146
22148
22149
22151
22152
22154
22156
22157
22159
22160
22161
22164
22166
22167
22171
22177
22178
22179
22184
22189
22190
22191
22192
22193
22194
22195
22196
22197
22198
22199
22200
22202
22203
22204
22205
22207
22208
22209
22210
22211
22212
22213
22215
22216
22217
22220
22221
22224
22225
22227
22228
22229
22230
22231
22232
22233
22234
22236
22237
22239
22240
22241
22243
22245
22246
22249
22250
22251
22252
22253
22254
22255
22256
22257
22258
22259
22260
22261
22262
22263
22264
22265
22266
22267
22268
22269
22270
22271
22272
22273
22274
22275
22276
22277
22278
22279
22280
22281
22282
22283
22284
22285
22286
22287
22289
22290
22291
22292
22293
22294
22295
22297
22298
22316
22337
22351
22364
22376
22377
22378
22379
22380
22381
22382
22383
22384
22385
22386
22387
22388
22389
22390
22391
22392
22393
22394
22395
22400
22402
22403
22404
22405
22415
22416
22418
22421
22422
22425
22429
22436
22444
22449
22450
22452
22453
22456
22463
22475
22477
22478
22479
22480
22483
22484
22485
22486
22487
22488
22489
22491
22493
22494
22495
22497
22498
22499
22501
22502
22504
22506
22509
22510
22511
22512
22513
22515
22517
22518
22519
22523
22524
22525
22526
22527
22528
22530
22531
22532
22533
22535
22541
22542
22543
22545
22546
22547
22549
22550
22551
22552
22553
22556
22559
22561
22562
22563
22564
22568
22571
22572
22573
22574
22575
22577
22582
22583
22584
22585
22586
22587
22588
22589
22590
22591
22592
22593
22594
22596
22598
22599
22601
22603
22604
22605
22606
22608
22609
22611
22612
22613
22615
22616
22617
22623
22624
22625
22626
22627
22628
22629
22630
22631
22632
22633
22639
22640
22641
22642
22643
22644
22645
22646
22647
22648
22649
22650
22651
22652
22653
22655
22658
22659
22660
22662
22663
22665
22666
22667
22668
22670
22672
22673
22674
22675
22676
22677
22678
22679
22680
22681
22682
22683
22684
22685
22686
22687
22688
22689
22690
22691
22692
22693
22694
22695
22696
22697
22698
22699
22700
22701
22702
22703
22704
22719
22721
22722
22723
22724
22726
22727
22728
22729
22731
22732
22733
22735
22736
22737
22738
22739
22741
22742
22743
22744
22746
22747
22748
22749
22751
22752
22753
22755
22756
22757
22758
22760
22761
22762
22763
22773
22774
22775
22776
22787
22788
22789
22792
22798
22799
22800
22801
22802
22803
22804
22805
22806
22807
22808
22809
22810
22814
22817
22818
22819
22820
22821
22822
22823
22824
22825
22826
22829
22830
22831
22836
22837
22838
22842
22843
22845
22851
22853
22855
22856
22857
22858
22859
22860
22861
22862
22863
22864
22865
22866
22868
22869
22872
22874
22877
22878
22881
22882
22883
22885
22886
22887
22888
22889
22890
22892
22894
22895
22896
22898
22900
22901
22903
22904
22908
22910
22912
22915
22917
22918
22919
22920
22921
22922
22923
22924
22925
22926
22927
22928
22929
22930
22931
22932
22933
22934
22935
22936
22937
22938
22939
22940
22941
22942
22943
22944
22945
22946
22947
22948
22949
22950
22952
22953
22954
22956
22957
22958
22959
22960
22962
22963
22965
22966
22967
22968
22970
22971
22972
22973
22976
22977
22978
22980
22982
22983
22984
22986
22994
22995
22996
22997
22998
22999
23000
23001
23002
23003
23004
23005
23006
23007
23009
23010
23011
23012
23013
23022
23024
23025
23029
23030
23032
23035
23036
23039
23043
23049
23050
23052
23053
23057
23062
23063
23064
23066
23076
23077
23080
23081
23082
23084
23086
23089
23091
23092
23095
23096
23097
23098
23101
23104
23105
23109
23111
23112
23113
23114
23115
23116
23118
23119
23120
23122
23124
23127
23128
23129
23130
23133
23136
23139
23141
23143
23144
23145
23146
23147
23148
23149
23150
23151
23153
23158
23159
23162
23165
23166
23167
23168
23170
23171
23172
23173
23175
23177
23178
23180
23183
23184
23186
23187
23188
23190
23191
23193
23194
23195
23196
23197
23198
23199
23200
23201
23202
23203
23204
23205
23206
23207
23208
23209
23210
23211
23214
23216
23221
23223
23226
23227
23228
23229
23230
23231
23232
23233
23235
23239
23242
23243
23244
23245
23246
23248
23249
23250
23251
23252
23253
23254
23257
23258
23259
23261
23262
23263
23264
23265
23266
23269
23270
23271
23273
23274
23275
23276
23277
23278
23279
23280
23281
23282
23283
23286
23289
23293
23297
23298
23299
23300
23301
23302
23303
23304
23305
23307
23312
23313
23314
23315
23316
23317
23318
23319
23320
23321
23322
23323
23324
23325
23326
23327
23328
23329
23330
23331
23332
23333
23334
23335
23336
23337
23338
23339
23340
23341
23342
23343
23344
23345
23356
23369
23374
23376
23377
23378
23379
23380
23381
23382
23383
23384
23386
23387
23388
23389
23390
23392
23393
23394
23395
23396
23397
23398
23399
23401
23402
23405
23411
23412
23413
23416
23419
23425
23427
23430
23438
23441
23443
23444
23445
23446
23447
23448
23449
23450
23451
23452
23453
23454
23455
23458
23459
23461
23462
23463
23464
23465
23466
23467
23468
23478
23479
23480
23485
23491
23492
23494
23498
23500
23502
23505
23506
23507
23508
23514
23516
23517
23518
23521
23527
23528
23529
23530
23532
23534
23536
23537
23539
23541
23542
23544
23545
23546
23549
23550
23551
23552
23555
23556
23558
23559
23560
23561
23562
23563
23564
23565
23566
23567
23568
23569
23570
23571
23572
23573
23574
23575
23576
23577
23578
23579
23580
23581
23582
23583
23584
23585
23586
23587
23588
23589
23590
23591
23592
23596
23599
23600
23601
23605
23608
23609
23610
23614
23617
23618
23619
23623
23629
23632
23633
23634
23635
23636
23637
23638
23639
23640
23644
23647
23648
23649
23650
23651
23653
23660
23661
23664
23666
23667
23668
23669
23670
23672
23673
23677
23682
23684
23685
23690
23698
23704
23711
23713
23716
23717
23720
23723
23727
23730
23732
23733
23734
23736
23738
23739
23740
23741
23743
23744
23745
23746
23747
23755
23756
23757
23758
23766
23767
23768
23769
23770
23771
23772
23773
23774
23775
23776
23777
23778
23780
23781
23782
23783
23785
23787
23790
23791
23793
23794
23795
23796
23797
23798
23799
23800
23801
23802
23803
23804
23806
23807
23809
23810
23812
23815
23817
23818
23819
23820
23821
23822
23823
23824
23825
23826
23827
23828
23829
23830
23831
23832
23833
23834
23835
23836
23837
23838
23839
23840
23841
23842
23843
23844
23845
23846
23847
23848
23849
23850
23851
23852
23853
23854
23855
23856
23857
23858
23859
23860
23861
23862
23863
23864
23865
23866
23867
23868
23869
23870
23871
23872
23873
23874
23875
23876
23877
23878
23879
23880
23881
23882
23883
23884
23885
23886
23887
23888
23889
23890
23891
23892
23893
23894
23895
23896
23897
23898
23899
23900
23901
23902
23903
23904
23905
23906
23907
23908
23909
23910
23911
23912
23913
23914
23915
23916
23917
23918
23919
23920
23921
23922
23923
23924
23925
23926
23927
23928
23929
23930
23931
23932
23933
23934
23935
23936
23937
23938
23939
23940
23941
23942
23943
23944
23945
23946
23947
23948
23949
23950
23951
23952
23953
23954
23955
23956
23957
23958
23959
23960
23961
23962
23963
23964
23965
23966
23967
23970
23971
23972
23973
23974
23975
23976
23977
23978
23979
23981
23987
23989
23990
23992
23993
23994
23996
23997
23998
24004
24005
24006
24007
24008
24009
24010
24011
24012
24013
24014
24015
24016
24017
24018
24019
24020
24021
24022
24023
24024
24025
24026
24027
24028
24029
24030
24031
24032
24033
24034
24035
24036
24037
24038
24039
24040
24041
24042
24043
24044
24054
24055
24058
24059
24060
24061
24062
24063
24067
24070
24071
24072
24073
24074
24075
24076
24077
24078
24079
24080
24081
24082
24083
24084
24085
24086
24087
24088
24089
24090
24091
24092
24093
24094
24095
24096
24097
24098
24099
24100
24101
24102
24103
24104
24105
24106
24107
24108
24109
24110
24111
24112
24113
24114
24115
24116
24117
24118
24119
24120
24121
24122
24123
24124
24125
24126
24127
24128
24129
24130
24131
24132
24139
24146
24147
24148
24149
24150
24157
24158
24161
24162
24164
24171
24172
24176
24177
24178
24179
24180
24183
24188
24194
24195
24196
24197
24198
24199
24200
24201
24202
24203
24204
24205
24206
24207
24209
24213
24215
24216
24217
24218
24219
24220
24221
24222
24223
24224
24225
24226
24227
24228
24229
24230
24231
24232
24233
24234
24235
24236
24237
24238
24239
24240
24241
24242
24243
24244
24245
24246
24247
24248
24249
24250
24251
24252
24253
24254
24255
24256
24257
24258
24259
24260
24261
24262
24263
24266
24272
24277
24278
24279
24280
24281
24282
24283
24284
24285
24286
24287
24288
24289
24290
24296
24298
24299
24300
24301
24302
24303
24304
24305
24306
24307
24308
24309
24310
24311
24312
24316
24317
24319
24322
24323
24324
24325
24326
24327
24328
24329
24330
24331
24335
24336
24338
24339
24340
24341
24342
24343
24344
24345
24346
24347
24348
24349
24350
24351
24352
24359
24360
24363
24364
24365
24366
24367
24368
24369
24370
24371
24372
24373
24374
24375
24376
24377
24378
24379
24380
24381
24382
24383
24384
24385
24386
24388
24392
24393
24397
24398
24400
24401
24402
24403
24405
24407
24410
24411
24415
24416
24417
24418
24420
24421
24422
24429
24436
24437
24438
24439
24440
24441
24442
24443
24444
24445
24446
24447
24448
24450
24451
24455
24456
24460
24461
24463
24464
24465
24468
24469
24473
24474
24475
24476
24477
24478
24482
24486
24487
24488
24489
24491
24492
24493
24494
24497
24498
24499
24500
24501
24502
24504
24507
24509
24510
24511
24512
24513
24514
24515
24516
24517
24518
24519
24520
24522
24525
24526
24528
24530
24532
24533
24534
24535
24536
24537
24539
24542
24543
24546
24548
24549
24550
24551
24552
24553
24554
24555
24558
24559
24560
24561
24562
24563
24564
24565
24566
24567
24569
24570
24572
24575
24576
24577
24578
24579
24580
24581
24582
24583
24585
24586
24587
24588
24591
24592
24593
24594
24595
24596
24597
24598
24599
24600
24601
24602
24603
24604
24605
24606
24607
24608
24609
24610
24611
24612
24615
24619
24621
24625
24627
24628
24629
24630
24631
24632
24636
24639
24640
24641
24642
24643
24644
24645
24646
24647
24648
24649
24650
24651
24652
24653
24654
24655
24656
24657
24658
24659
24660
24661
24662
24663
24664
24665
24666
24667
24668
24669
24670
24671
24672
24673
24674
24675
24676
24677
24678
24679
24680
24681
24684
24690
24695
24699
24702
24704
24709
24714
24717
24724
24725
24729
24730
24733
24734
24735
24736
24737
24738
24739
24740
24741
24742
24743
24744
24747
24748
24767
24769
24772
24773
24774
24775
24776
24777
24778
24779
24780
24781
24782
24783
24784
24785
24786
24790
24793
24797
24800
24804
24808
24812
24814
24817
24822
24823
24824
24825
24826
24828
24829
24830
24831
24832
24833
24834
24835
24836
24837
24838
24839
24843
24848
24849
24854
24855
24856
24857
24862
24863
24864
24865
24866
24867
24868
24872
24874
24875
24876
24877
24878
24879
24880
24881
24882
24883
24884
24885
24886
24887
24888
24889
24890
24891
24892
24893
24897
24899
24901
24903
24904
24905
24906
24907
24908
24909
24910
24911
24918
24919
24922
24923
24930
24932
24934
24935
24936
24937
24938
24939
24940
24941
24942
24943
24944
24945
24946
24947
24948
24949
24950
24951
24952
24953
24954
24961
24962
24963
24964
24965
24966
24967
24968
24969
24970
24971
24972
24973
24974
24975
24976
24977
24978
24979
24980
24981
24982
24983
24984
24985
24986
24987
24988
24989
24990
24991
24992
24993
24994
24995
24996
24997
24998
24999
25000
25001
25002
25003
25004
25005
25010
25013
25014
25015
25016
25017
25018
25025
25026
25027
25028
25029
25030
25031
25032
25033
25034
25035
25036
25037
25038
25039
25040
25041
25042
25043
25044
25045
25046
25047
25048
25049
25050
25051
25052
25053
25054
25055
25056
25057
25058
25059
25060
25061
25062
25069
25071
25072
25074
25075
25076
25077
25078
25079
25080
25081
25082
25088
25089
25090
25091
25092
25093
25094
25095
25096
25097
25098
25099
25100
25101
25102
25107
25109
25110
25111
25112
25114
25117
25120
25121
25122
25123
25124
25125
25126
25127
25128
25129
25130
25131
25132
25133
25134
25135
25136
25137
25138
25140
25142
25143
25145
25146
25147
25148
25149
25150
25151
25152
25153
25154
25155
25156
25157
25158
25159
25160
25161
25162
25163
25164
25165
25166
25167
25168
25169
25170
25171
25172
25175
25184
25188
25191
25194
25195
25200
25203
25204
25205
25206
25207
25208
25209
25210
25211
25212
25218
25219
25220
25221
25222
25223
25224
25225
25226
25228
25229
25230
25231
25232
25233
25234
25237
25239
25240
25242
25248
25249
25250
25251
25252
25253
25254
25259
25260
25261
25262
25263
25264
25265
25266
25267
25268
25272
25273
25275
25276
25277
25279
25286
25288
25292
25293
25294
25295
25296
25297
25298
25299
25301
25302
25303
25304
25305
25306
25310
25313
25314
25315
25316
25317
25321
25326
25330
25332
25339
25340
25347
25348
25349
25350
25351
25352
25353
25354
25355
25356
25357
25358
25359
25361
25362
25364
25383
25384
25388
25389
25390
25391
25392
25393
25394
25395
25396
25397
25398
25399
25400
25401
25405
25407
25411
25418
25421
25425
25427
25431
25434
25440
25445
25448
25451
25452
25453
25454
25455
25456
25457
25458
25459
25460
25461
25462
25463
25464
25465
25466
25467
25468
25469
25470
25471
25472
25473
25474
25475
25476
25477
25478
25479
25480
25481
25484
25485
25486
25487
25488
25490
25493
25494
25495
25497
25499
25500
25501
25502
25503
25504
25505
25506
25507
25508
25514
25515
25516
25517
25518
25519
25520
25521
25522
25523
25524
25525
25526
25527
25528
25529
25530
25531
25532
25533
25534
25535
25536
25537
25538
25539
25540
25541
25542
25543
25544
25545
25546
25547
25548
25549
25550
25551
25552
25553
25554
25555
25556
25557
25558
25559
25560
25561
25562
25563
25564
25565
25566
25567
25568
25569
25570
25571
25572
25573
25574
25575
25576
25577
25578
25579
25580
25581
25582
25583
25584
25585
25586
25587
25588
25589
25590
25591
25592
25593
25594
25595
25596
25597
25598
25599
25600
25601
25602
25603
25604
25605
25606
25607
25608
25609
25610
25611
25612
25613
25614
25615
25616
25617
25618
25619
25620
25621
25622
25623
25624
25625
25626
25627
25628
25629
25630
25631
25632
25633
25634
25635
25636
25637
25638
25639
25640
25641
25642
25643
25644
25645
25646
25647
25648
25649
25650
25651
25652
25653
25654
25655
25656
25657
25658
25659
25660
25661
25662
25663
25664
25665
25666
25667
25668
25669
25670
25673
25675
25676
25677
25678
25680
25682
25683
25684
25685
25686
25687
25688
25689
25691
25692
25693
25696
25697
25699
25700
25701
25702
25703
25704
25705
25706
25707
25708
25709
25710
25711
25712
25713
25714
25715
25716
25717
25718
25719
25720
25721
25722
25723
25724
25725
25727
25729
25730
25733
25736
25737
25739
25740
25741
25742
25743
25744
25747
25748
25749
25750
25752
25753
25754
25755
25756
25757
25758
25759
25760
25761
25762
25763
25766
25767
25768
25769
25770
25771
25773
25774
25776
25778
25779
25781
25782
25783
25785
25787
25788
25790
25791
25792
25794
25797
25799
25800
25801
25802
25803
25804
25805
25808
25809
25810
25812
25813
25814
25815
25816
25817
25819
25820
25822
25824
25825
25827
25828
25829
25830
25831
25832
25833
25834
25835
25836
25837
25838
25839
25841
25842
25843
25845
25848
25849
25850
25851
25852
25853
25854
25855
25856
25857
25858
25859
25860
25861
25862
25863
25864
25865
25866
25867
25868
25869
25870
25871
25872
25873
25877
25880
25881
25883
25884
25885
25886
25887
25888
25889
25893
25896
25897
25898
25899
25900
25901
25902
25903
25904
25905
25906
25907
25913
25914
25915
25916
25918
25919
25920
25921
25922
25923
25924
25929
25931
25932
25933
25934
25935
25936
25937
25938
25939
25940
25941
25942
25943
25944
25945
25946
25952
25953
25954
25955
25956
25958
25959
25960
25961
25962
25967
25969
25970
25971
25972
25973
25974
25975
25976
25977
25978
25979
25981
25982
25983
25984
25985
25989
25992
25993
25994
25995
25996
25997
25998
25999
26000
26001
26002
26003
26004
26005
26006
26008
26009
26010
26011
26012
26014
26015
26016
26018
26019
26020
26023
26024
26025
26026
26027
26028
26029
26030
26031
26032
26033
26034
26035
26036
26037
26038
26039
26040
26041
26042
26043
26044
26045
26046
26051
26053
26055
26057
26060
26061
26062
26065
26066
26067
26068
26071
26072
26074
26075
26076
26077
26079
26081
26083
26086
26087
26088
26090
26093
26095
26096
26097
26098
26099
26100
26101
26102
26103
26104
26105
26107
26108
26111
26113
26114
26115
26116
26119
26120
26123
26124
26125
26126
26127
26128
26129
26131
26132
26135
26137
26138
26139
26140
26141
26142
26143
26144
26145
26146
26147
26148
26149
26150
26152
26155
26156
26158
26159
26160
26162
26164
26165
26167
26168
26169
26170
26171
26172
26174
26176
26177
26178
26180
26181
26182
26183
26184
26185
26186
26187
26188
26189
26190
26191
26192
26193
26194
26196
26198
26200
26201
26203
26204
26205
26206
26207
26208
26210
26212
26213
26214
26215
26217
26220
26222
26224
26226
26228
26229
26230
26231
26232
26233
26234
26235
26236
26237
26239
26241
26243
26244
26245
26246
26247
26248
26249
26250
26251
26252
26253
26254
26255
26256
26257
26258
26261
26262
26264
26265
26267
26268
26269
26270
26271
26272
26275
26276
26277
26278
26279
26280
26281
26282
26283
26285
26286
26287
26288
26289
26290
26291
26292
26293
26294
26295
26296
26297
26298
26299
26300
26301
26302
26303
26304
26305
26307
26308
26309
26310
26311
26312
26313
26315
26317
26318
26319
26320
26321
26322
26323
26324
26325
26326
26327
26328
26329
26330
26331
26332
26337
26338
26340
26341
26343
26345
26346
26347
26348
26353
26354
26357
26358
26359
26361
26362
26364
26365
26366
26368
26370
26371
26375
26378
26380
26381
26382
26383
26384
26385
26386
26387
26388
26389
26390
26392
26393
26396
26398
26399
26400
26401
26404
26405
26408
26409
26410
26411
26412
26413
26414
26415
26416
26418
26419
26422
26424
26425
26426
26427
26428
26430
26431
26432
26433
26435
26436
26437
26438
26440
26441
26442
26445
26446
26447
26448
26449
26450
26451
26452
26453
26454
26455
26456
26457
26458
26459
26460
26461
26462
26463
26464
26465
26466
26467
26468
26469
26470
26471
26472
26473
26474
26475
26476
26477
26478
26479
26480
26481
26482
26483
26484
26485
26486
26487
26488
26489
26490
26491
26492
26493
26494
26495
26496
26497
26498
26499
26500
26501
26502
26503
26504
26505
26506
26507
26508
26509
26510
26511
26512
26513
26514
26515
26516
26517
26518
26519
26520
26521
26522
26523
26524
26525
26526
26527
26528
26529
26530
26531
26532
26533
26534
26535
26536
26537
26538
26539
26540
26541
26542
26543
26544
26545
26546
26547
26548
26549
26550
26551
26552
26553
26554
26555
26556
26557
26558
26559
26560
26561
26562
26563
26564
26565
26566
26567
26568
26570
26572
26573
26575
26576
26577
26578
26579
26580
26581
26582
26583
26584
26585
26586
26587
26588
26589
26590
26591
26592
26593
26594
26595
26596
26597
26598
26599
26600
26601
26602
26603
26604
26605
26606
26607
26608
26609
26610
26611
26612
26613
26614
26615
26616
26617
26618
26619
26620
26621
26622
26623
26624
26625
26626
26627
26628
26629
26630
26631
26632
26634
26636
26637
26639
26640
26641
26642
26643
26644
26645
26646
26647
26648
26649
26650
26651
26652
26654
26656
26657
26660
26662
26663
26665
26666
26667
26668
26669
26670
26671
26673
26674
26675
26677
26678
26679
26680
26681
26682
26685
26686
26687
26688
26689
26690
26691
26692
26693
26694
26695
26696
26697
26698
26699
26700
26701
26702
26704
26705
26706
26708
26709
26710
26711
26712
26713
26716
26717
26718
26719
26720
26721
26723
26724
26726
26728
26729
26731
26732
26733
26734
26735
26737
26738
26740
26742
26743
26745
26746
26747
26748
26749
26750
26751
26752
26753
26754
26755
26756
26757
26759
26762
26764
26765
26766
26767
26768
26769
26770
26771
26772
26773
26774
26776
26777
26780
26782
26783
26784
26785
26787
26788
26790
26791
26792
26793
26794
26795
26796
26797
26799
26800
26803
26805
26806
26807
26808
26810
26811
26812
26814
26815
26816
26817
26818
26819
26821
26823
26825
26826
26828
26829
26830
26831
26832
26833
26835
26838
26839
26840
26842
26843
26844
26845
26846
26847
26850
26851
26853
26854
26856
26857
26858
26859
26860
26861
26864
26865
26867
26870
26872
26873
26874
26875
26876
26877
26878
26879
26880
26881
26882
26884
26885
26888
26890
26891
26892
26893
26895
26896
26897
26899
26900
26901
26902
26903
26904
26905
26906
26907
26909
26910
26913
26915
26916
26917
26918
26919
26920
26921
26922
26923
26924
26925
26926
26927
26928
26929
26930
26931
26932
26933
26934
26935
26936
26937
26938
26939
26940
26941
26942
26943
26944
26945
26946
26947
26948
26949
26950
26951
26952
26953
26954
26955
26956
26957
26958
26959
26960
26961
26962
26963
26964
26965
26966
26967
26968
26969
26970
26971
26972
26973
26974
26975
26976
26977
26978
26979
26980
26981
26982
26983
26984
26985
26986
26987
26988
26989
26990
26991
26992
26993
26994
26995
26996
26998
26999
27000
27002
27003
27004
27005
27006
27007
27010
27011
27012
27013
27014
27016
27017
27018
27020
27021
27022
27023
27024
27025
27028
27029
27030
27031
27032
27033
27035
27036
27038
27040
27041
27043
27044
27045
27046
27047
27049
27050
27052
27054
27055
27057
27058
27059
27060
27061
27062
27063
27064
27065
27066
27067
27068
27069
27070
27071
27072
27073
27074
27075
27076
27077
27078
27079
27080
27081
27082
27083
27084
27085
27086
27087
27088
27089
27090
27091
27092
27093
27094
27096
27097
27098
27100
27101
27102
27103
27104
27105
27107
27109
27111
27112
27114
27115
27116
27117
27118
27119
27121
27124
27125
27126
27128
27129
27130
27131
27132
27133
27136
27137
27139
27140
27142
27143
27144
27145
27146
27147
27150
27151
27152
27153
27154
27155
27156
27157
27158
27159
27160
27161
27162
27163
27164
27165
27166
27167
27168
27169
27170
27171
27172
27173
27174
27175
27176
27177
27178
27179
27180
27181
27182
27183
27184
27185
27186
27187
27188
27189
27190
27191
27192
27193
27194
27195
27196
27197
27198
27199
27200
27201
27202
27203
27204
27205
27206
27207
27208
27209
27210
27211
27212
27214
27215
27216
27218
27219
27220
27221
27222
27223
27226
27228
27229
27230
27232
27233
27234
27235
27236
27237
27240
27241
27242
27243
27244
27245
27246
27247
27248
27250
27251
27252
27254
27255
27256
27257
27258
27259
27261
27264
27265
27266
27268
27269
27270
27271
27272
27273
27276
27277
27278
27279
27280
27281
27282
27283
27284
27285
27286
27287
27288
27289
27290
27291
27292
27293
27294
27295
27296
27297
27298
27299
27300
27317
27322
27329
27336
27337
27338
27339
27340
27341
27342
27343
27344
27345
27346
27347
27348
27349
27350
27351
27352
27353
27354
27355
27356
27357
27358
27359
27360
27361
27362
27373
27380
27383
27391
27408
27411
27413
27421
27422
27425
27427
27440
27470
27475
27499
27511
27520
27523
27546
27547
27548
27549
27550
27551
27552
27553
27554
27555
27556
27557
27558
27559
27560
27561
27562
27563
27564
27565
27566
27567
27568
27569
27570
27586
27610
27649
27657
27689
27705
27711
27712
27713
27718
27721
27723
27724
27726
27727
27729
27730
27731
27733
27734
27735
27736
27737
27738
27739
27740
27741
27742
27743
27744
27745
27749
27752
27754
27758
27760
27761
27762
27763
27773
27785
27792
27793
27794
27795
27796
27797
27798
27799
27800
27801
27802
27803
27811
27818
27819
27820
27821
27822
27823
27824
27825
27826
27827
27828
27829
27830
27831
27832
27833
27834
27835
27836
27837
27838
27839
27840
27841
27842
27843
27844
27845
27846
27847
27848
27849
27850
27851
27852
27853
27854
27855
27856
27857
27858
27859
27860
27861
27862
27863
27864
27865
27866
27891
27892
27914
27916
27917
27918
27920
27924
27955
27968
27969
27970
27974
27976
27999
28021
28026
28055
28056
28057
28058
28059
28060
28069
28075
28076
28077
28078
28079
28101
28105
28108
28109
28110
28111
28112
28113
28114
28121
28136
28137
28138
28139
28140
28141
28142
28143
28144
28159
28160
28182
28183
28184
28185
28186
28189
28194
28200
28208
28223
28224
28225
28226
28227
28228
28229
28230
28231
28232
28233
28241
28242
28251
28252
28253
28255
28257
28258
28259
28261
28263
28264
28265
28267
28269
28270
28271
28272
28275
28276
28277
28279
28281
28282
28283
28284
28290
28292
28293
28294
28295
28296
28298
28300
28308
28310
28312
28320
28321
28322
28323
28324
28325
28326
28327
28328
28329
28330
28331
28332
28333
28334
28335
28336
28337
28338
28339
28340
28341
28342
28343
28344
28345
28346
28347
28349
28350
28351
28352
28353
28354
28355
28356
28357
28359
28360
28376
28377
28378
28379
28380
28381
28382
28383
28392
28393
28394
28396
28397
28398
28399
28401
28402
28403
28405
28407
28408
28409
28411
28412
28413
28414
28429
28434
28436
28437
28438
28440
28442
28445
28467
28468
28469
28473
28477
28478
28479
28480
28481
28482
28483
28484
28485
28486
28487
28488
28489
28490
28491
28492
28493
28494
28500
28509
28511
28513
28525
28536
28537
28538
28539
28540
28541
28542
28543
28544
28650
28657
28665
28666
28673
28674
28675
28676
28677
28678
28679
28680
28695
28696
28711
28712
28721
28749
28752
28762
28763
28764
28767
28769
28770
28778
28779
28780
28781
28782
28783
28784
28785
28786
28787
28788
28789
28790
28791
28792
28793
28794
28795
28796
28797
28798
28799
28800
28801
28802
28803
28804
28805
28806
28807
28808
28809
28810
28811
28812
28813
28814
28815
28816
28817
28818
28819
28820
28821
28822
28823
28824
28825
28826
28827
28828
28864
28865
28866
28867
28868
28869
28874
28876
28877
28878
28879
28880
28881
28896
28902
28904
28905
28906
28931
28949
28950
28951
28952
28953
28954
28955
28956
28957
28958
28959
28982
29002
29003
29007
29011
29017
29036
29046
29047
29048
29049
29050
29051
29052
29082
29088
29089
29090
29091
29092
29144
29147
29176
29177
29178
29179
29181
29223
29229
29230
29231
29241
29243
29250
29261
29265
29302
29303
29304
29305
29306
29307
29308
29309
29310
29311
29312
29313
29314
29315
29316
29317
29318
29319
29320
29321
29322
29323
29324
29325
29326
29327
29328
29329
29330
29331
29332
29333
29334
29335
29336
29337
29338
29339
29340
29341
29342
29343
29344
29345
29346
29347
29348
29349
29350
29351
29352
29353
29354
29355
29356
29357
29358
29359
29360
29361
29362
29363
29364
29365
29366
29367
29368
29369
29370
29371
29372
29373
29374
29375
29376
29377
29378
29379
29380
29381
29382
29383
29384
29385
29386
29387
29388
29389
29390
29391
29394
29395
29398
29399
29400
29401
29402
29403
29404
29405
29406
29407
29408
29409
29410
29411
29412
29413
29414
29415
29416
29417
29418
29419
29420
29421
29422
29423
29424
29425
29426
29427
29428
29430
29431
29432
29433
29437
29438
29440
29441
29442
29443
29444
29445
29447
29448
29449
29451
29454
29455
29456
29458
29459
29460
29461
29462
29463
29464
29465
29466
29467
29468
29469
29470
29471
29472
29473
29474
29475
29476
29477
29478
29479
29480
29481
29482
29483
29484
29485
29486
29487
29488
29489
29490
29498
29499
29500
29501
29502
29503
29504
29505
29506
29507
29508
29509
29510
29511
29512
29513
29514
29515
29516
29517
29518
29519
29520
29521
29522
29523
29524
29525
29526
29527
29528
29529
29530
29531
29532
29533
29534
29535
29536
29538
29539
29540
29541
29544
29545
29546
29547
29548
29549
29551
29552
29553
29557
29558
29559
29560
29561
29562
29563
29564
29565
29566
29567
29568
29569
29570
29571
29572
29573
29574
29575
29576
29577
29578
29579
29580
29581
29582
29583
29584
29585
29586
29587
29588
29589
29590
29591
29592
29593
29594
29595
29596
29597
29598
29599
29600
29601
29602
29603
29737
29738
29742
29743
29808
30116
)
;
}

massSource
{
    type cellZone;
cellLabels      List<label> 0();
}
)

// ************************************************************************* //
